epoch, loss, acc, sen, spec, F1
1,0.7727647463480631,0.54375,0.5219123505976095,0.5676855895196506,0.5446985446985447
2,0.7117185125748317,0.6020833333333333,0.5983935742971888,0.6060606060606061,0.6094069529652352
3,0.7107140203317006,0.6083333333333333,0.628,0.5869565217391305,0.6254980079681275
4,0.7135602513949076,0.60625,0.6135458167330677,0.5982532751091703,0.6197183098591549
5,0.7356758375962575,0.6229166666666667,0.6265060240963856,0.6190476190476191,0.6328600405679513
6,0.7218758662541708,0.61875,0.6465863453815262,0.5887445887445888,0.6376237623762376
7,0.6943952639897665,0.6604166666666667,0.6693227091633466,0.6506550218340611,0.6733466933867736
8,0.7386018176873524,0.63125,0.642570281124498,0.6190476190476191,0.6438631790744467
9,0.7361125936110814,0.65625,0.701195219123506,0.6069868995633187,0.6808510638297872
10,0.7320106645425161,0.6541666666666667,0.672,0.6347826086956522,0.6693227091633466
11,0.712769889831543,0.6770833333333334,0.692,0.6608695652173913,0.6906187624750499
12,0.7492410361766815,0.6791666666666667,0.7217741935483871,0.6336206896551724,0.69921875
13,0.7051155259211858,0.7020833333333333,0.7290836653386454,0.6724890829694323,0.7190569744597249
14,0.7235848228136699,0.6875,0.7,0.6739130434782609,0.7
15,0.7486288150151571,0.6645833333333333,0.6746987951807228,0.6536796536796536,0.676056338028169
16,0.7680531104405721,0.6708333333333333,0.7,0.6391304347826087,0.6889763779527559
17,0.7587343414624532,0.6854166666666667,0.6827309236947792,0.6883116883116883,0.6924643584521385
18,0.8072123805681864,0.6729166666666667,0.6812749003984063,0.6637554585152838,0.685370741482966
19,0.7944774647553762,0.675,0.704,0.6434782608695652,0.6929133858267716
20,0.7527061333258946,0.73125,0.751004016064257,0.70995670995671,0.7435387673956262
21,0.7761080900828043,0.7166666666666667,0.7349397590361446,0.696969696969697,0.7290836653386454
22,0.7642338891824086,0.7291666666666666,0.724,0.7347826086956522,0.7357723577235772
23,0.8077872415383657,0.6958333333333333,0.696,0.6956521739130435,0.7044534412955465
24,0.8359336455663046,0.6979166666666666,0.732,0.6608695652173913,0.7162426614481409
25,0.8216591556866963,0.6895833333333333,0.7137096774193549,0.6637931034482759,0.7037773359840954
26,0.7990531067053477,0.7395833333333334,0.7580645161290323,0.7198275862068966,0.7504990019960079
27,0.8236434777577718,0.7125,0.7290836653386454,0.6943231441048034,0.7261904761904762
28,0.7994522988796234,0.7458333333333333,0.7590361445783133,0.7316017316017316,0.756
29,0.8365511238574982,0.7145833333333333,0.712,0.717391304347826,0.7221095334685599
30,0.8282581806182862,0.7333333333333333,0.724,0.7434782608695653,0.7387755102040816
31,0.8853397786617279,0.7104166666666667,0.7137096774193549,0.7068965517241379,0.718052738336714
32,0.8955458064874013,0.70625,0.6975806451612904,0.7155172413793104,0.7104722792607803
33,0.9218825141588847,0.6875,0.6987951807228916,0.6753246753246753,0.6987951807228916
34,0.9092300256093343,0.70625,0.7028112449799196,0.70995670995671,0.7128309572301426
35,0.899489551782608,0.7229166666666667,0.7569721115537849,0.6855895196506551,0.7407407407407407
36,0.9390585422515869,0.6729166666666667,0.6653225806451613,0.6810344827586207,0.6776180698151951
37,0.9127129296461741,0.7291666666666666,0.7791164658634538,0.6753246753246753,0.749034749034749
38,0.8771870334943136,0.7520833333333333,0.7379032258064516,0.7672413793103449,0.7546391752577319
39,0.9295251607894898,0.7145833333333333,0.7051792828685259,0.7248908296943232,0.7209775967413442
40,0.9377294341723125,0.7270833333333333,0.716,0.7391304347826086,0.7321063394683026
41,0.9709402819474539,0.7208333333333333,0.7068273092369478,0.7359307359307359,0.7242798353909465
42,0.9675819019476573,0.70625,0.7250996015936255,0.6855895196506551,0.7207920792079208
43,0.9808574676513672,0.7520833333333333,0.7701612903225806,0.7327586206896551,0.7624750499001997
44,0.9230091035366058,0.7604166666666666,0.7569721115537849,0.7641921397379913,0.7676767676767676
45,0.9744793057441712,0.7479166666666667,0.744,0.7521739130434782,0.7545638945233266
46,1.034058529138565,0.7125,0.72,0.7043478260869566,0.7228915662650602
47,1.0197214464346567,0.7145833333333333,0.7068273092369478,0.7229437229437229,0.7198364008179959
48,0.9869257609049479,0.7583333333333333,0.764,0.7521739130434782,0.7670682730923695
49,1.0301093637943268,0.7291666666666666,0.749003984063745,0.7074235807860262,0.7430830039525692
50,1.0240860521793365,0.7479166666666667,0.76,0.7347826086956522,0.7584830339321357
51,1.0121412297089896,0.7479166666666667,0.7630522088353414,0.7316017316017316,0.7584830339321357
52,1.0144991815090179,0.7604166666666666,0.76,0.7608695652173914,0.7676767676767676
53,1.0476117412249246,0.7375,0.756,0.717391304347826,0.75
54,1.0531912287076315,0.7458333333333333,0.7550200803212851,0.7359307359307359,0.7550200803212851
55,1.0506004472573598,0.75,0.7710843373493976,0.7272727272727273,0.7619047619047619
56,1.0442268967628479,0.7625,0.76,0.7652173913043478,0.7692307692307693
57,1.0637538095315298,0.7458333333333333,0.7609561752988048,0.7292576419213974,0.7579365079365079
58,1.0769092758496603,0.7458333333333333,0.772,0.717391304347826,0.7598425196850394
59,1.066439163684845,0.76875,0.7710843373493976,0.7662337662337663,0.7757575757575758
60,1.1018860419591268,0.75,0.7831325301204819,0.7142857142857143,0.7647058823529411
61,1.055902906258901,0.7770833333333333,0.784,0.7695652173913043,0.7855711422845691
62,1.1048409382502238,0.7354166666666667,0.7469879518072289,0.7229437229437229,0.7454909819639278
63,1.0693008442719778,0.7958333333333333,0.796,0.7956521739130434,0.8024193548387096
64,1.1344130277633666,0.7395833333333334,0.751004016064257,0.7272727272727273,0.749498997995992
65,1.1303211430708566,0.7604166666666666,0.782258064516129,0.7370689655172413,0.7713717693836978
66,1.1577147603034974,0.7416666666666667,0.7620967741935484,0.7198275862068966,0.7529880478087649
67,1.1112072308858236,0.7895833333333333,0.7991967871485943,0.7792207792207793,0.7975951903807615
68,1.1532263120015462,0.7645833333333333,0.764,0.7652173913043478,0.7717171717171717
69,1.176551139354706,0.7520833333333333,0.7590361445783133,0.7445887445887446,0.7605633802816901
70,1.1362102409203847,0.7791666666666667,0.784,0.7739130434782608,0.7871485943775101
71,1.1531224151452382,0.7916666666666666,0.792,0.7913043478260869,0.7983870967741935
72,1.1939365029335023,0.75,0.756,0.7434782608695653,0.7590361445783133
73,1.1884110947450002,0.7625,0.7670682730923695,0.7575757575757576,0.7701612903225806
74,1.1755341450373331,0.7791666666666667,0.7951807228915663,0.7619047619047619,0.7888446215139442
75,1.2017486333847045,0.7708333333333334,0.7661290322580645,0.7758620689655172,0.7755102040816326
76,1.2199188272158306,0.7729166666666667,0.7928286852589641,0.7510917030567685,0.7850098619329389
77,1.2239367445309957,0.7895833333333333,0.8024193548387096,0.7758620689655172,0.7975951903807615
78,1.190698520342509,0.7854166666666667,0.7951807228915663,0.7748917748917749,0.7935871743486974
79,1.2151244640350343,0.7729166666666667,0.782258064516129,0.7629310344827587,0.7806841046277666
80,1.231079383691152,0.7645833333333333,0.768,0.7608695652173914,0.772635814889336
81,1.2619453430175782,0.78125,0.7991967871485943,0.7619047619047619,0.7912524850894632
82,1.2555067698160807,0.7770833333333333,0.8,0.7521739130434782,0.7889546351084813
83,1.2651893516381583,0.7708333333333334,0.7831325301204819,0.7575757575757576,0.78
84,1.2718296607335409,0.7416666666666667,0.768,0.7130434782608696,0.7559055118110236
85,1.2643179655075074,0.7791666666666667,0.784,0.7739130434782608,0.7871485943775101
86,1.2504582405090332,0.8020833333333334,0.8145161290322581,0.7887931034482759,0.8096192384769539
87,1.2583628654479981,0.7791666666666667,0.7991967871485943,0.7575757575757576,0.7896825396825397
88,1.2734429796536764,0.7854166666666667,0.808,0.7608695652173914,0.796844181459566
89,1.295786440372467,0.7833333333333333,0.7951807228915663,0.7705627705627706,0.792
90,1.2692594885826112,0.7958333333333333,0.812,0.7782608695652173,0.8055555555555556
91,1.3076342701911927,0.7791666666666667,0.7888446215139442,0.7685589519650655,0.7888446215139442
92,1.3492455681165059,0.7520833333333333,0.752,0.7521739130434782,0.7595959595959596
93,1.3031445344289143,0.7875,0.804,0.7695652173913043,0.7976190476190477
94,1.3472976803779602,0.76875,0.7630522088353414,0.7748917748917749,0.7739307535641547
95,1.287775961558024,0.79375,0.8047808764940239,0.7816593886462883,0.8031809145129225
96,1.3459365924199422,0.7833333333333333,0.772,0.7956521739130434,0.7877551020408163
97,1.3376009702682494,0.79375,0.8112449799196787,0.7748917748917749,0.8031809145129225
98,1.3492389837900798,0.78125,0.8112449799196787,0.7489177489177489,0.793713163064833
99,1.3536959171295166,0.7666666666666667,0.7791164658634538,0.7532467532467533,0.776
100,1.334428346157074,0.8125,0.8232931726907631,0.8008658008658008,0.82
101,1.3834229548772177,0.7854166666666667,0.7991967871485943,0.7705627705627706,0.7944111776447106
102,1.3572498043378194,0.78125,0.796,0.7652173913043478,0.7912524850894632
103,1.3892348090807596,0.7791666666666667,0.792,0.7652173913043478,0.7888446215139442
104,1.3601533452669778,0.7875,0.7701612903225806,0.8060344827586207,0.7892561983471075
105,1.3879799207051595,0.7979166666666667,0.808,0.7869565217391304,0.8063872255489022
106,1.4024491508801777,0.7916666666666666,0.796812749003984,0.7860262008733624,0.8
107,1.4270290017127991,0.7708333333333334,0.7710843373493976,0.7705627705627706,0.7773279352226721
108,1.3907146851221721,0.7791666666666667,0.7661290322580645,0.7931034482758621,0.7818930041152263
109,1.399362897872925,0.79375,0.828,0.7565217391304347,0.8070175438596491
110,1.3834659655888875,0.8125,0.8266129032258065,0.7974137931034483,0.82
111,1.410040589173635,0.7770833333333333,0.7791164658634538,0.7748917748917749,0.7838383838383839
112,1.4214041431744893,0.8041666666666667,0.7991967871485943,0.8095238095238095,0.8089430894308943
113,1.4388773878415426,0.775,0.7831325301204819,0.7662337662337663,0.7831325301204819
114,1.4253616412480672,0.7875,0.8313253012048193,0.7402597402597403,0.8023255813953488
115,1.4382501800855,0.7875,0.776,0.8,0.7918367346938775
116,1.432906707127889,0.8,0.7911646586345381,0.8095238095238095,0.8040816326530612
117,1.4467863361040751,0.8,0.8266129032258065,0.771551724137931,0.8102766798418972
118,1.4262791911760966,0.81875,0.8232931726907631,0.8138528138528138,0.8249496981891348
119,1.473620355129242,0.7895833333333333,0.8032128514056225,0.7748917748917749,0.7984031936127745
120,1.4682808796564737,0.7854166666666667,0.8032128514056225,0.7662337662337663,0.7952286282306164
121,1.4618340015411377,0.8166666666666667,0.824,0.808695652173913,0.824
122,1.4756123423576355,0.7875,0.7911646586345381,0.7835497835497836,0.7943548387096774
123,1.4874568343162538,0.7833333333333333,0.8104838709677419,0.7543103448275862,0.7944664031620553
124,1.4850005308787029,0.7979166666666667,0.8366533864541833,0.7554585152838428,0.8123791102514507
125,1.48738348086675,0.7895833333333333,0.8145161290322581,0.7629310344827587,0.8
126,1.4970966418584188,0.8083333333333333,0.8393574297188755,0.7748917748917749,0.8196078431372549
127,1.4946075558662415,0.8166666666666667,0.828,0.8043478260869565,0.8247011952191236
128,1.4989773114522298,0.8041666666666667,0.8127490039840638,0.7947598253275109,0.8127490039840638
129,1.5278866012891135,0.7770833333333333,0.8032128514056225,0.7489177489177489,0.7889546351084813
130,1.5246861378351848,0.7916666666666666,0.8032128514056225,0.7792207792207793,0.8
131,1.5174577474594115,0.8041666666666667,0.8032128514056225,0.8051948051948052,0.8097165991902834
132,1.502724814414978,0.8291666666666667,0.8286852589641435,0.8296943231441049,0.8353413654618473
133,1.5387120564778647,0.825,0.8232931726907631,0.8268398268398268,0.8299595141700404
134,1.5430569807688395,0.775,0.7951807228915663,0.7532467532467533,0.7857142857142857
135,1.5400474905967712,0.79375,0.792,0.7956521739130434,0.8
136,1.5893463333447775,0.79375,0.8152610441767069,0.7705627705627706,0.803960396039604
137,1.5375410437583923,0.8041666666666667,0.8104838709677419,0.7974137931034483,0.8104838709677419
138,1.5379011750221252,0.8020833333333334,0.772,0.8347826086956521,0.8024948024948025
139,1.5689286947250367,0.7791666666666667,0.7791164658634538,0.7792207792207793,0.7854251012145749
140,1.537819222609202,0.8229166666666666,0.8232931726907631,0.8225108225108225,0.8282828282828283
141,1.5675201376279195,0.7895833333333333,0.8072289156626506,0.7705627705627706,0.7992047713717694
142,1.5669716795285542,0.8166666666666667,0.828,0.8043478260869565,0.8247011952191236
143,1.5861263434092203,0.7958333333333333,0.7983870967741935,0.7931034482758621,0.8016194331983806
144,1.5712797164916992,0.8041666666666667,0.8366533864541833,0.7685589519650655,0.8171206225680934
145,1.6264692266782126,0.7854166666666667,0.8,0.7695652173913043,0.7952286282306164
146,1.606107803185781,0.7875,0.7911646586345381,0.7835497835497836,0.7943548387096774
147,1.6032208641370138,0.7875,0.8152610441767069,0.7575757575757576,0.7992125984251969
148,1.5701128562291464,0.8291666666666667,0.8353413654618473,0.8225108225108225,0.8353413654618473
149,1.6063997427622476,0.7979166666666667,0.8,0.7956521739130434,0.8048289738430584
150,1.6065783023834228,0.8083333333333333,0.8152610441767069,0.8008658008658008,0.8152610441767069
151,1.6096617142359415,0.8145833333333333,0.8185483870967742,0.8103448275862069,0.8202020202020202
152,1.612653915087382,0.8125,0.8232931726907631,0.8008658008658008,0.82
153,1.6181084831555685,0.8208333333333333,0.8273092369477911,0.8138528138528138,0.8273092369477911
154,1.6139574925104776,0.8208333333333333,0.8313253012048193,0.8095238095238095,0.828
155,1.6201525807380677,0.7958333333333333,0.8032128514056225,0.7878787878787878,0.8032128514056225
156,1.6450713713963827,0.7854166666666667,0.7991967871485943,0.7705627705627706,0.7944111776447106
157,1.6394656538963317,0.8208333333333333,0.8433734939759037,0.7965367965367965,0.8300395256916996
158,1.6651251037915549,0.7770833333333333,0.7630522088353414,0.7922077922077922,0.7802874743326489
159,1.6477933128674824,0.79375,0.7871485943775101,0.8008658008658008,0.7983706720977597
160,1.6194108843803405,0.8229166666666666,0.8104838709677419,0.8362068965517241,0.8254620123203286
161,1.657931649684906,0.8020833333333334,0.7888446215139442,0.8165938864628821,0.8065173116089613
162,1.6516612887382507,0.7854166666666667,0.8007968127490039,0.7685589519650655,0.7960396039603961
163,1.6516593853632608,0.8270833333333333,0.8473895582329317,0.8051948051948052,0.8356435643564356
164,1.6642192999521892,0.7958333333333333,0.788,0.8043478260869565,0.8008130081300813
165,1.683174999554952,0.8083333333333333,0.8192771084337349,0.7965367965367965,0.816
166,1.6929604927698771,0.8020833333333334,0.7911646586345381,0.8138528138528138,0.8057259713701431
167,1.6608500440915426,0.81875,0.796,0.8434782608695652,0.8206185567010309
168,1.645394241809845,0.8104166666666667,0.8024193548387096,0.8189655172413793,0.8139059304703476
169,1.6670678377151489,0.825,0.8393574297188755,0.8095238095238095,0.8326693227091634
170,1.7204521854718526,0.78125,0.7670682730923695,0.7965367965367965,0.784394250513347
171,1.687394412358602,0.8145833333333333,0.808,0.8217391304347826,0.8194726166328601
172,1.7038647770881652,0.8166666666666667,0.8306451612903226,0.8017241379310345,0.824
173,1.6825994451840718,0.8291666666666667,0.8313253012048193,0.8268398268398268,0.8346774193548387
174,1.7014505028724671,0.8145833333333333,0.82,0.808695652173913,0.8216432865731463
175,1.7133409023284911,0.8083333333333333,0.804,0.8130434782608695,0.8137651821862348
176,1.753537917137146,0.7854166666666667,0.7871485943775101,0.7835497835497836,0.7919191919191919
177,1.7362089236577352,0.8,0.7991967871485943,0.8008658008658008,0.805668016194332
178,1.7450640082359314,0.7854166666666667,0.8024193548387096,0.7672413793103449,0.7944111776447106
179,1.707101551691691,0.8166666666666667,0.8366533864541833,0.7947598253275109,0.8267716535433071
180,1.7178359429041545,0.8041666666666667,0.8247011952191236,0.7816593886462883,0.8149606299212598
181,1.7575658679008483,0.7958333333333333,0.796,0.7956521739130434,0.8024193548387096
182,1.7169553558031718,0.8333333333333334,0.852,0.8130434782608695,0.841897233201581
183,1.7659412026405334,0.8083333333333333,0.8185483870967742,0.7974137931034483,0.8152610441767069
184,1.73299351533254,0.8208333333333333,0.832,0.808695652173913,0.8286852589641435
185,1.774109677473704,0.7916666666666666,0.792,0.7913043478260869,0.7983870967741935
186,1.7401585539182027,0.8333333333333334,0.8467741935483871,0.8189655172413793,0.84
187,1.760947831471761,0.8041666666666667,0.8032128514056225,0.8051948051948052,0.8097165991902834
188,1.7519868930180869,0.8291666666666667,0.8467741935483871,0.8103448275862069,0.8366533864541833
189,1.79704643090566,0.7895833333333333,0.796,0.782608695652174,0.7975951903807615
190,1.8011516213417054,0.7875,0.8032128514056225,0.7705627705627706,0.796812749003984
191,1.7614709377288817,0.8166666666666667,0.8326693227091634,0.7991266375545851,0.8260869565217391
192,1.751060696442922,0.8333333333333334,0.8313253012048193,0.8354978354978355,0.8380566801619433
193,1.8190452655156453,0.7791666666666667,0.7630522088353414,0.7965367965367965,0.7818930041152263
194,1.7405671636263529,0.84375,0.86,0.8260869565217391,0.8514851485148515
195,1.7815886338551838,0.8104166666666667,0.8152610441767069,0.8051948051948052,0.8169014084507042
196,1.762984295686086,0.85,0.8393574297188755,0.8614718614718615,0.8530612244897959
197,1.7903970201810202,0.8208333333333333,0.828,0.8130434782608695,0.828
198,1.8199230392773946,0.8020833333333334,0.808,0.7956521739130434,0.8096192384769539
199,1.818217408657074,0.8,0.7943548387096774,0.8060344827586207,0.8040816326530612
200,1.798576573530833,0.8125,0.8207171314741036,0.8034934497816594,0.8207171314741036
201,1.796760372320811,0.8125,0.8306451612903226,0.7931034482758621,0.8207171314741036
202,1.7945780952771504,0.81875,0.8353413654618473,0.8008658008658008,0.827037773359841
203,1.8215693831443787,0.8270833333333333,0.8433734939759037,0.8095238095238095,0.8349900596421471
204,1.802257200082143,0.8333333333333334,0.86,0.8043478260869565,0.8431372549019608
205,1.8276512026786804,0.81875,0.8313253012048193,0.8051948051948052,0.8263473053892215
206,1.8150801340738931,0.8395833333333333,0.8548387096774194,0.8232758620689655,0.846307385229541
207,1.8250329136848449,0.81875,0.8266129032258065,0.8103448275862069,0.8249496981891348
208,1.8740728735923766,0.8145833333333333,0.8112449799196787,0.8181818181818182,0.8194726166328601
209,1.83348597685496,0.81875,0.8473895582329317,0.7878787878787878,0.8290766208251473
210,1.830193285147349,0.8291666666666667,0.8433734939759037,0.8138528138528138,0.8366533864541833
211,1.863499148686727,0.80625,0.82,0.7913043478260869,0.8151093439363817
212,1.8608755946159363,0.8041666666666667,0.7888446215139442,0.8209606986899564,0.8081632653061225
213,1.827714474995931,0.8354166666666667,0.844,0.8260869565217391,0.8423153692614771
214,1.8340579787890117,0.8270833333333333,0.8273092369477911,0.8268398268398268,0.8323232323232324
215,1.8787370681762696,0.8229166666666666,0.836,0.808695652173913,0.831013916500994
216,1.874903174241384,0.80625,0.812,0.8,0.8136272545090181
217,1.840733238061269,0.8291666666666667,0.842741935483871,0.8146551724137931,0.836
218,1.866282836596171,0.8354166666666667,0.856,0.8130434782608695,0.8441814595660749
219,1.8582549730936686,0.8270833333333333,0.8313253012048193,0.8225108225108225,0.8329979879275654
220,1.8443023125330607,0.85625,0.8725099601593626,0.8384279475982532,0.863905325443787
221,1.8265220363934835,0.85,0.8634538152610441,0.8354978354978355,0.8565737051792829
222,1.8571246941884358,0.8125,0.8185483870967742,0.8060344827586207,0.8185483870967742
223,1.8734949906667073,0.8020833333333334,0.8232931726907631,0.7792207792207793,0.8118811881188119
224,1.8562783598899841,0.84375,0.8714859437751004,0.8138528138528138,0.8526522593320236
225,1.8907216946283976,0.79375,0.796,0.7913043478260869,0.8008048289738431
226,1.8721413532892863,0.8354166666666667,0.84,0.8304347826086956,0.8416833667334669
227,1.8695326407750448,0.84375,0.8353413654618473,0.8528138528138528,0.8472505091649695
228,1.8781384388605753,0.83125,0.8393574297188755,0.8225108225108225,0.8376753507014028
229,1.876903279622396,0.8333333333333334,0.8387096774193549,0.8275862068965517,0.8387096774193549
230,1.9019855578740439,0.81875,0.8207171314741036,0.8165938864628821,0.8256513026052105
231,1.8775399724642436,0.8458333333333333,0.852,0.8391304347826087,0.852
232,1.890742802619934,0.8291666666666667,0.824,0.8347826086956521,0.8340080971659919
233,1.9046340147654215,0.8208333333333333,0.8192771084337349,0.8225108225108225,0.8259109311740891
234,1.9035138646761576,0.8270833333333333,0.82,0.8347826086956521,0.8316430020283976
235,1.915149207909902,0.8291666666666667,0.8406374501992032,0.8165938864628821,0.8373015873015873
236,1.9503089865048726,0.8,0.796,0.8043478260869565,0.805668016194332
237,1.9042739510536193,0.8333333333333334,0.84,0.8260869565217391,0.84
238,1.9478500723838805,0.7895833333333333,0.8,0.7782608695652173,0.7984031936127745
239,1.921653950214386,0.8229166666666666,0.844,0.8,0.8323471400394478
240,1.905012269814809,0.8479166666666667,0.8594377510040161,0.8354978354978355,0.8542914171656687
241,1.9207279006640117,0.8354166666666667,0.82,0.8521739130434782,0.8384458077709611
242,1.9178549885749816,0.8395833333333333,0.8554216867469879,0.8225108225108225,0.8469184890656064
243,1.9441414753595987,0.8145833333333333,0.8192771084337349,0.8095238095238095,0.8209255533199196
244,1.8989448149998982,0.8645833333333334,0.852589641434263,0.8777292576419214,0.8681541582150102
245,1.935325809319814,0.8145833333333333,0.8433734939759037,0.7835497835497836,0.825147347740668
246,1.9443584005037944,0.8083333333333333,0.82,0.7956521739130434,0.8167330677290837
247,1.953962504863739,0.81875,0.8232931726907631,0.8138528138528138,0.8249496981891348
248,1.9690608064333597,0.8208333333333333,0.8565737051792829,0.7816593886462883,0.8333333333333334
249,1.9547298630078633,0.8229166666666666,0.8104838709677419,0.8362068965517241,0.8254620123203286
250,1.954482662677765,0.8166666666666667,0.8273092369477911,0.8051948051948052,0.824
251,1.9392475128173827,0.84375,0.8446215139442231,0.8427947598253275,0.8496993987975952
252,1.9430346051851908,0.8333333333333334,0.844,0.8217391304347826,0.8406374501992032
253,1.9906912724177042,0.8104166666666667,0.8266129032258065,0.7931034482758621,0.8183632734530938
254,1.9406328956286112,0.8291666666666667,0.8072289156626506,0.8528138528138528,0.8305785123966942
255,1.9465228160222372,0.81875,0.82,0.8173913043478261,0.8249496981891348
256,1.94889528354009,0.83125,0.828,0.8347826086956521,0.8363636363636363
257,1.9174614946047466,0.86875,0.891566265060241,0.8441558441558441,0.8757396449704142
258,1.9547045429547627,0.8270833333333333,0.8393574297188755,0.8138528138528138,0.8343313373253493
259,1.948255423704783,0.8395833333333333,0.8446215139442231,0.834061135371179,0.846307385229541
260,1.9459826310475667,0.8395833333333333,0.8346774193548387,0.8448275862068966,0.8431771894093686
261,2.0062623500823973,0.8104166666666667,0.8064516129032258,0.8146551724137931,0.814663951120163
262,1.9518907189369201,0.84375,0.8473895582329317,0.8398268398268398,0.8490945674044266
263,1.9670872608820598,0.8145833333333333,0.836,0.7913043478260869,0.8244575936883629
264,1.983123743534088,0.8354166666666667,0.824,0.8478260869565217,0.8391038696537678
265,1.9667694171269734,0.8333333333333334,0.8473895582329317,0.8181818181818182,0.8406374501992032
266,1.9337906122207642,0.8666666666666667,0.888,0.8434782608695652,0.8740157480314961
267,1.9499308188756308,0.85625,0.8995983935742972,0.8095238095238095,0.8665377176015474
268,1.9646814266840618,0.8625,0.876,0.8478260869565217,0.8690476190476191
269,1.9344269514083863,0.8479166666666667,0.872,0.8217391304347826,0.8565815324165029
270,2.0113640745480854,0.825,0.8273092369477911,0.8225108225108225,0.8306451612903226
271,1.965393340587616,0.8416666666666667,0.8554216867469879,0.8268398268398268,0.848605577689243
272,1.974552567799886,0.825,0.8225806451612904,0.8275862068965517,0.8292682926829268
273,1.9961510062217713,0.8291666666666667,0.86,0.7956521739130434,0.83984375
274,1.9797693649927774,0.8354166666666667,0.836,0.8347826086956521,0.8410462776659959
275,2.002831494808197,0.8270833333333333,0.8446215139442231,0.8078602620087336,0.8362919132149902
276,1.968416957060496,0.8333333333333334,0.8346774193548387,0.8318965517241379,0.8380566801619433
277,1.98338942527771,0.8395833333333333,0.848,0.8304347826086956,0.846307385229541
278,1.9845220685005187,0.8291666666666667,0.842741935483871,0.8146551724137931,0.836
279,1.9849536379178365,0.8416666666666667,0.8645418326693227,0.8165938864628821,0.8509803921568627
280,1.9991872310638428,0.8333333333333334,0.8393574297188755,0.8268398268398268,0.8393574297188755
281,2.001296103000641,0.85,0.8514056224899599,0.8484848484848485,0.8548387096774194
282,1.9656427025794982,0.8645833333333334,0.8835341365461847,0.8441558441558441,0.8712871287128713
283,2.025330372651418,0.8333333333333334,0.8286852589641435,0.8384279475982532,0.8387096774193549
284,1.9952358841896056,0.8166666666666667,0.8032128514056225,0.8311688311688312,0.819672131147541
285,2.0375725746154787,0.8166666666666667,0.7791164658634538,0.8571428571428571,0.8151260504201681
286,2.0286519447962443,0.8291666666666667,0.8446215139442231,0.8122270742358079,0.8379446640316206
287,2.0168445984522503,0.8375,0.856,0.8173913043478261,0.8458498023715415
288,2.0178769985834757,0.84375,0.8508064516129032,0.8362068965517241,0.8490945674044266
289,2.0193311254183453,0.83125,0.836,0.8260869565217391,0.8376753507014028
290,1.9943785945574442,0.8416666666666667,0.8353413654618473,0.8484848484848485,0.8455284552845529
291,2.0316579699516297,0.8354166666666667,0.86,0.808695652173913,0.8447937131630648
292,1.9947890082995097,0.8520833333333333,0.86,0.8434782608695652,0.8582834331337326
293,2.013365904490153,0.8270833333333333,0.8594377510040161,0.7922077922077922,0.837573385518591
294,2.033601903915405,0.85,0.8548387096774194,0.8448275862068966,0.8548387096774194
295,2.0004438877105715,0.8375,0.852,0.8217391304347826,0.8452380952380952
296,2.0216707865397137,0.8354166666666667,0.842741935483871,0.8275862068965517,0.8410462776659959
297,2.0277308066685995,0.8229166666666666,0.8366533864541833,0.8078602620087336,0.8316831683168316
298,2.0391760031382242,0.8333333333333334,0.852,0.8130434782608695,0.841897233201581
299,2.031554341316223,0.8291666666666667,0.8393574297188755,0.8181818181818182,0.836
300,2.0217894593874615,0.8479166666666667,0.8594377510040161,0.8354978354978355,0.8542914171656687
301,1.9677170276641847,0.8708333333333333,0.884,0.8565217391304348,0.876984126984127
302,2.0447872996330263,0.81875,0.8306451612903226,0.8060344827586207,0.8256513026052105
303,1.997571853796641,0.8458333333333333,0.8685258964143426,0.8209606986899564,0.8549019607843137
304,2.027786699930827,0.8333333333333334,0.8514056224899599,0.8138528138528138,0.8412698412698413
305,2.004119292894999,0.8729166666666667,0.9032258064516129,0.8405172413793104,0.8801571709233792
306,2.045605198542277,0.8375,0.852,0.8217391304347826,0.8452380952380952
307,1.99630868434906,0.8625,0.8755020080321285,0.8484848484848485,0.8685258964143426
308,2.005645493666331,0.8666666666666667,0.856,0.8782608695652174,0.8699186991869918
309,2.0535136580467226,0.8395833333333333,0.8669354838709677,0.8103448275862069,0.8481262327416174
310,2.0640040198961893,0.83125,0.828,0.8347826086956521,0.8363636363636363
311,2.0303513487180074,0.8541666666666666,0.852,0.8565217391304348,0.8588709677419355
312,1.9923405567804973,0.8666666666666667,0.8594377510040161,0.8744588744588745,0.8699186991869918
313,2.0186766306559245,0.86875,0.8674698795180723,0.8701298701298701,0.8727272727272727
314,2.044439947605133,0.8541666666666666,0.8870967741935484,0.8189655172413793,0.8627450980392157
315,2.0187477310498556,0.8625,0.884,0.8391304347826087,0.8700787401574803
316,2.032913100719452,0.85625,0.844,0.8695652173913043,0.8594704684317719
317,2.0667507926623028,0.81875,0.84,0.7956521739130434,0.8284023668639053
318,2.047905119260152,0.85625,0.852,0.8608695652173913,0.8606060606060606
319,2.0781517068545026,0.8270833333333333,0.8326693227091634,0.8209606986899564,0.8343313373253493
320,2.0425498048464457,0.8583333333333333,0.8645418326693227,0.851528384279476,0.8645418326693227
321,2.0427045385042826,0.8416666666666667,0.8508064516129032,0.8318965517241379,0.8473895582329317
322,2.061133595307668,0.8208333333333333,0.8273092369477911,0.8138528138528138,0.8273092369477911
323,2.0903869311014813,0.8208333333333333,0.8207171314741036,0.8209606986899564,0.8273092369477911
324,2.0896029035250345,0.8208333333333333,0.844,0.7956521739130434,0.8307086614173228
325,2.0592713475227358,0.85625,0.864,0.8478260869565217,0.8622754491017964
326,2.0298843383789062,0.8458333333333333,0.864,0.8260869565217391,0.8537549407114624
327,2.078052802880605,0.8375,0.836,0.8391304347826087,0.842741935483871
328,2.034731654326121,0.8625,0.8669354838709677,0.8577586206896551,0.8669354838709677
329,2.065730305512746,0.8333333333333334,0.852,0.8130434782608695,0.841897233201581
330,2.0405259768168134,0.8625,0.8594377510040161,0.8658008658008658,0.8663967611336032
331,2.0668808499972027,0.8395833333333333,0.8393574297188755,0.8398268398268398,0.8444444444444444
332,2.0925864060719808,0.8166666666666667,0.8152610441767069,0.8181818181818182,0.8218623481781376
333,2.069053900241852,0.8458333333333333,0.848,0.8434782608695652,0.8514056224899599
334,2.063209839661916,0.8354166666666667,0.84,0.8304347826086956,0.8416833667334669
335,2.0827468077341718,0.8229166666666666,0.8473895582329317,0.7965367965367965,0.8323471400394478
336,2.067131880919139,0.84375,0.844,0.8434782608695652,0.8490945674044266
337,2.06032737493515,0.8395833333333333,0.8725099601593626,0.8034934497816594,0.8504854368932039
338,2.071174132823944,0.84375,0.852,0.8347826086956521,0.8502994011976048
339,2.057664243380229,0.8604166666666667,0.8473895582329317,0.8744588744588745,0.8629856850715747
340,2.046091600259145,0.8604166666666667,0.868,0.8521739130434782,0.8662674650698603
341,2.081645397345225,0.8291666666666667,0.8313253012048193,0.8268398268398268,0.8346774193548387
342,2.061434543132782,0.8416666666666667,0.848,0.8347826086956521,0.848
343,2.0822445511817933,0.8604166666666667,0.864,0.8565217391304348,0.8657314629258517
344,2.0759113073349,0.8458333333333333,0.8353413654618473,0.8571428571428571,0.8489795918367347
345,2.059616816043854,0.85,0.8433734939759037,0.8571428571428571,0.8536585365853658
346,2.0462942918141684,0.8666666666666667,0.8634538152610441,0.8701298701298701,0.8704453441295547
347,2.052073077360789,0.8479166666666667,0.8634538152610441,0.8311688311688312,0.8548707753479126
348,2.0473836342493694,0.8479166666666667,0.8565737051792829,0.8384279475982532,0.8548707753479126
349,2.0523696025212605,0.8625,0.8594377510040161,0.8658008658008658,0.8663967611336032
350,2.080769455432892,0.8541666666666666,0.8714859437751004,0.8354978354978355,0.8611111111111112
351,2.0601430495580035,0.8604166666666667,0.872,0.8478260869565217,0.8667992047713717
352,2.047898892561595,0.84375,0.8594377510040161,0.8268398268398268,0.8508946322067594
353,2.0266093651453656,0.8791666666666667,0.8755020080321285,0.8831168831168831,0.8825910931174089
354,2.0896379510561625,0.8375,0.875,0.7974137931034483,0.84765625
355,2.0451674858729043,0.8625,0.868,0.8565217391304348,0.868
356,2.0940696438153585,0.8333333333333334,0.8192771084337349,0.8484848484848485,0.8360655737704918
357,2.0697061022122702,0.8479166666666667,0.876,0.8173913043478261,0.8571428571428571
358,2.0822243173917134,0.8395833333333333,0.8629032258064516,0.8146551724137931,0.8475247524752475
359,2.0646079738934833,0.8458333333333333,0.8473895582329317,0.8441558441558441,0.8508064516129032
360,2.0597370982170107,0.8541666666666666,0.8634538152610441,0.8441558441558441,0.86
361,2.0647321581840514,0.8625,0.8645418326693227,0.8602620087336245,0.868
362,2.0699045856793723,0.86875,0.864,0.8739130434782608,0.8727272727272727
363,2.0906853953997295,0.8208333333333333,0.824,0.8173913043478261,0.8273092369477911
364,2.080600706736247,0.8541666666666666,0.8875502008032129,0.8181818181818182,0.86328125
365,2.0903081059455872,0.8479166666666667,0.8714859437751004,0.8225108225108225,0.8560157790927022
366,2.060664196809133,0.8604166666666667,0.8634538152610441,0.8571428571428571,0.8651911468812877
367,2.119134291013082,0.8208333333333333,0.8286852589641435,0.8122270742358079,0.8286852589641435
368,2.049800630410512,0.8645833333333334,0.872,0.8565217391304348,0.8702594810379242
369,2.0960277835528056,0.8604166666666667,0.8629032258064516,0.8577586206896551,0.8646464646464647
370,2.1061304887135823,0.825,0.836,0.8130434782608695,0.8326693227091634
371,2.069160528977712,0.8666666666666667,0.892,0.8391304347826087,0.8745098039215686
372,2.090773610273997,0.8458333333333333,0.8473895582329317,0.8441558441558441,0.8508064516129032
373,2.084495528539022,0.8354166666666667,0.844,0.8260869565217391,0.8423153692614771
374,2.114948789278666,0.8145833333333333,0.848,0.7782608695652173,0.8265107212475633
375,2.070762292544047,0.8416666666666667,0.8473895582329317,0.8354978354978355,0.8473895582329317
376,2.074659017721812,0.85,0.8514056224899599,0.8484848484848485,0.8548387096774194
377,2.0912912607192995,0.8375,0.86,0.8130434782608695,0.8464566929133859
378,2.054056537151337,0.8625,0.8835341365461847,0.8398268398268398,0.8695652173913043
379,2.076507035891215,0.8395833333333333,0.86,0.8173913043478261,0.8481262327416174
380,2.094108935197194,0.85625,0.86,0.8521739130434782,0.8617234468937875
381,2.128549619515737,0.83125,0.876,0.782608695652174,0.8439306358381503
382,2.0307894786198935,0.8916666666666667,0.916,0.8652173913043478,0.8980392156862745
383,2.05489049355189,0.8604166666666667,0.8554216867469879,0.8658008658008658,0.8640973630831643
384,2.106048512458801,0.85,0.844,0.8565217391304348,0.854251012145749
385,2.0788215160369874,0.8666666666666667,0.872,0.8608695652173913,0.872
386,2.0508199612299602,0.8875,0.891566265060241,0.8831168831168831,0.891566265060241
387,2.063271419207255,0.8520833333333333,0.856,0.8478260869565217,0.8577154308617234
388,2.0838013251622516,0.8604166666666667,0.875,0.8448275862068966,0.8662674650698603
389,2.101381270090739,0.8395833333333333,0.8685258964143426,0.8078602620087336,0.8499025341130604
390,2.062852092583974,0.8770833333333333,0.900398406374502,0.851528384279476,0.8845401174168297
391,2.0647748986879986,0.8645833333333334,0.8790322580645161,0.8491379310344828,0.8702594810379242
392,2.108122479915619,0.8416666666666667,0.8594377510040161,0.8225108225108225,0.8492063492063492
393,2.1053858002026877,0.85,0.8594377510040161,0.8398268398268398,0.856
394,2.08168275753657,0.8416666666666667,0.8755020080321285,0.8051948051948052,0.8515625
395,2.0481731216112773,0.8791666666666667,0.8795180722891566,0.8787878787878788,0.8830645161290323
396,2.0645988821983337,0.8833333333333333,0.888,0.8782608695652174,0.888
397,2.0818586270014445,0.875,0.9,0.8478260869565217,0.8823529411764706
398,2.0934906085332234,0.8708333333333333,0.9,0.8391304347826087,0.87890625
399,2.0739311059316,0.8729166666666667,0.88,0.8652173913043478,0.8782435129740519
400,2.131693657239278,0.8333333333333334,0.852,0.8130434782608695,0.841897233201581
401,2.0631001949310304,0.8833333333333333,0.8991935483870968,0.8663793103448276,0.8884462151394422
402,2.091136852900187,0.8479166666666667,0.8634538152610441,0.8311688311688312,0.8548707753479126
403,2.0574716329574585,0.8791666666666667,0.8674698795180723,0.8917748917748918,0.8816326530612245
404,2.077278423309326,0.8583333333333333,0.8594377510040161,0.8571428571428571,0.8629032258064516
405,2.0781277616818747,0.8479166666666667,0.872,0.8217391304347826,0.8565815324165029
406,2.0563031951586406,0.8708333333333333,0.8835341365461847,0.8571428571428571,0.8764940239043825
407,2.0871021191279095,0.8708333333333333,0.8634538152610441,0.8787878787878788,0.8739837398373984
408,2.0787411451339723,0.8541666666666666,0.872,0.8347826086956521,0.8616600790513834
409,2.0900263587633767,0.8395833333333333,0.852589641434263,0.8253275109170306,0.8475247524752475
410,2.1131061792373655,0.8375,0.8387096774193549,0.8362068965517241,0.8421052631578947
411,2.0844789584477743,0.8458333333333333,0.8554216867469879,0.8354978354978355,0.852
412,2.0835612177848817,0.8666666666666667,0.8795180722891566,0.8528138528138528,0.8725099601593626
413,2.069900067647298,0.8583333333333333,0.875,0.8405172413793104,0.8645418326693227
414,2.0830271283785504,0.8604166666666667,0.88,0.8391304347826087,0.8678500986193294
415,2.1426335056622823,0.8333333333333334,0.852,0.8130434782608695,0.841897233201581
416,2.0653339942296345,0.8791666666666667,0.9196787148594378,0.8354978354978355,0.8875968992248062
417,2.117805214722951,0.8583333333333333,0.86,0.8565217391304348,0.8634538152610441
418,2.094438608487447,0.8625,0.8804780876494024,0.8427947598253275,0.8700787401574803
419,2.054362352689107,0.8916666666666667,0.9032258064516129,0.8793103448275862,0.896
420,2.0456119894981386,0.8791666666666667,0.8790322580645161,0.8793103448275862,0.8825910931174089
421,2.1205864946047464,0.8520833333333333,0.8755020080321285,0.8268398268398268,0.8599605522682445
422,2.09664599498113,0.8604166666666667,0.8764940239043825,0.8427947598253275,0.8678500986193294
423,2.085200794537862,0.8604166666666667,0.864,0.8565217391304348,0.8657314629258517
424,2.078719755013784,0.8541666666666666,0.8594377510040161,0.8484848484848485,0.8594377510040161
425,2.065243645509084,0.8875,0.896,0.8782608695652174,0.8924302788844621
426,2.0678385416666667,0.86875,0.8605577689243028,0.8777292576419214,0.8727272727272727
427,2.097357686360677,0.8604166666666667,0.856,0.8652173913043478,0.8646464646464647
428,2.071643308798472,0.8791666666666667,0.891566265060241,0.8658008658008658,0.8844621513944223
429,2.095238173007965,0.8666666666666667,0.896,0.8347826086956521,0.875
430,2.111035732428233,0.8395833333333333,0.864,0.8130434782608695,0.8487229862475442
431,2.0654819130897524,0.8520833333333333,0.8790322580645161,0.8232758620689655,0.8599605522682445
432,2.0930142323176066,0.8520833333333333,0.856,0.8478260869565217,0.8577154308617234
433,2.127997823556264,0.8520833333333333,0.8433734939759037,0.8614718614718615,0.8553971486761711
434,2.0603182395299275,0.875,0.9036144578313253,0.8441558441558441,0.8823529411764706
435,2.1048896114031472,0.8645833333333334,0.872,0.8565217391304348,0.8702594810379242
436,2.0982417662938437,0.8541666666666666,0.864,0.8434782608695652,0.8605577689243028
437,2.0951956629753115,0.8645833333333334,0.8714859437751004,0.8571428571428571,0.8697394789579158
438,2.0812236785888674,0.8583333333333333,0.8514056224899599,0.8658008658008658,0.8617886178861789
439,2.1109359582265217,0.8520833333333333,0.8548387096774194,0.8491379310344828,0.8565656565656565
440,2.058006588617961,0.9,0.8955823293172691,0.9047619047619048,0.902834008097166
441,2.0673187017440795,0.875,0.8674698795180723,0.8831168831168831,0.8780487804878049
442,2.1117170453071594,0.85625,0.8594377510040161,0.8528138528138528,0.8611670020120724
443,2.0849127809206647,0.875,0.8755020080321285,0.8744588744588745,0.8790322580645161
444,2.110802912712097,0.8583333333333333,0.896,0.8173913043478261,0.8682170542635659
445,2.073049493630727,0.8958333333333334,0.9036144578313253,0.8874458874458875,0.9
446,2.096761186917623,0.8625,0.856,0.8695652173913043,0.8663967611336032
447,2.0963151772816975,0.8666666666666667,0.8755020080321285,0.8571428571428571,0.872
448,2.110786839326223,0.8583333333333333,0.8709677419354839,0.8448275862068966,0.864
449,2.098444604873657,0.8416666666666667,0.848,0.8347826086956521,0.848
450,2.0981350779533385,0.8625,0.8588709677419355,0.8663793103448276,0.8658536585365854
451,2.098001182079315,0.8625,0.8755020080321285,0.8484848484848485,0.8685258964143426
452,2.083710527420044,0.86875,0.868,0.8695652173913043,0.8732394366197183
453,2.136487392584483,0.8458333333333333,0.8473895582329317,0.8441558441558441,0.8508064516129032
454,2.077561056613922,0.8770833333333333,0.8835341365461847,0.8701298701298701,0.8817635270541082
455,2.09571191072464,0.8520833333333333,0.8634538152610441,0.8398268398268398,0.8582834331337326
456,2.116665490468343,0.8541666666666666,0.86,0.8478260869565217,0.86
457,2.0721723635991416,0.875,0.896,0.8521739130434782,0.8818897637795275
458,2.112006453673045,0.8541666666666666,0.8674698795180723,0.8398268398268398,0.8605577689243028
459,2.0715624690055847,0.8770833333333333,0.8835341365461847,0.8701298701298701,0.8817635270541082
460,2.083421802520752,0.8833333333333333,0.868,0.9,0.8857142857142857
461,2.073555262883504,0.8583333333333333,0.8795180722891566,0.8354978354978355,0.8656126482213439
462,2.0924203634262084,0.8666666666666667,0.868,0.8652173913043478,0.8714859437751004
463,2.0930440465609235,0.8791666666666667,0.891566265060241,0.8658008658008658,0.8844621513944223
464,2.1109396696090696,0.8541666666666666,0.8594377510040161,0.8484848484848485,0.8594377510040161
465,2.105245025952657,0.85625,0.88,0.8304347826086956,0.8644400785854617
466,2.102527952194214,0.8541666666666666,0.8634538152610441,0.8441558441558441,0.86
467,2.102659507592519,0.8541666666666666,0.868,0.8391304347826087,0.8611111111111112
468,2.0681519746780395,0.8895833333333333,0.892,0.8869565217391304,0.8937875751503006
469,2.0790663957595825,0.88125,0.8955823293172691,0.8658008658008658,0.8866799204771372
470,2.123478662967682,0.8520833333333333,0.8565737051792829,0.8471615720524017,0.8582834331337326
471,2.0684834082921344,0.8916666666666667,0.9043824701195219,0.8777292576419214,0.8972332015810277
472,2.0811588684717814,0.8666666666666667,0.8714859437751004,0.8614718614718615,0.8714859437751004
473,2.0955690344174704,0.8541666666666666,0.8685258964143426,0.8384279475982532,0.8616600790513834
474,2.0989432334899902,0.85625,0.8669354838709677,0.8448275862068966,0.8617234468937875
475,2.0750500718752543,0.875,0.892,0.8565217391304348,0.8814229249011858
476,2.092404894034068,0.86875,0.8755020080321285,0.8614718614718615,0.87374749498998
477,2.0800006945927936,0.90625,0.912,0.9,0.9101796407185628
478,2.0966283877690635,0.8604166666666667,0.872,0.8478260869565217,0.8667992047713717
479,2.0811689098676047,0.875,0.891566265060241,0.8571428571428571,0.8809523809523809
480,2.1040459473927817,0.8708333333333333,0.8955823293172691,0.8441558441558441,0.8779527559055118
481,2.1280710697174072,0.8520833333333333,0.8685258964143426,0.834061135371179,0.8599605522682445
482,2.086532255013784,0.875,0.8714859437751004,0.8787878787878788,0.8785425101214575
483,2.1131896138191224,0.86875,0.8685258964143426,0.868995633187773,0.87374749498998
484,2.105379315217336,0.8479166666666667,0.864,0.8304347826086956,0.8554455445544554
485,2.0685136040051777,0.8979166666666667,0.9,0.8956521739130435,0.9018036072144289
486,2.0830506443977357,0.8729166666666667,0.8795180722891566,0.8658008658008658,0.8777555110220441
487,2.1003664255142214,0.8583333333333333,0.8685258964143426,0.8471615720524017,0.8650793650793651
488,2.082051666577657,0.8645833333333334,0.8714859437751004,0.8571428571428571,0.8697394789579158
489,2.0871907035509745,0.8791666666666667,0.8884462151394422,0.868995633187773,0.8849206349206349
490,2.0637704690297443,0.875,0.88,0.8695652173913043,0.88
491,2.11141756772995,0.8666666666666667,0.8714859437751004,0.8614718614718615,0.8714859437751004
492,2.0767882188161213,0.8833333333333333,0.8955823293172691,0.8701298701298701,0.8884462151394422
493,2.0853793621063232,0.86875,0.86,0.8782608695652174,0.8722109533468559
494,2.0973792950312298,0.85,0.8685258964143426,0.8296943231441049,0.8582677165354331
495,2.087799604733785,0.875,0.86,0.8913043478260869,0.8775510204081632
496,2.0547203063964843,0.9,0.9083665338645418,0.8908296943231441,0.9047619047619048
497,2.0500911355018614,0.9041666666666667,0.916,0.8913043478260869,0.9087301587301587
498,2.0720783432324725,0.8791666666666667,0.8764940239043825,0.8820960698689956,0.8835341365461847
499,2.0713919401168823,0.86875,0.8629032258064516,0.875,0.8716904276985743
500,2.100968794027964,0.85,0.876,0.8217391304347826,0.8588235294117647
501,2.0635466814041137,0.8916666666666667,0.912,0.8695652173913043,0.8976377952755905
502,2.087623620033264,0.8729166666666667,0.8875502008032129,0.8571428571428571,0.878727634194831
503,2.0648388226826984,0.8791666666666667,0.891566265060241,0.8658008658008658,0.8844621513944223
504,2.056444728374481,0.89375,0.896,0.8913043478260869,0.8977955911823647
505,2.0906694571177167,0.8916666666666667,0.904,0.8782608695652174,0.8968253968253969
506,2.0921484073003134,0.85625,0.872,0.8391304347826087,0.8633663366336634
507,2.0656140287717184,0.8854166666666666,0.8924302788844621,0.8777292576419214,0.8906560636182903
508,2.0892972191174826,0.8854166666666666,0.9036144578313253,0.8658008658008658,0.8910891089108911
509,2.0906810641288756,0.88125,0.8795180722891566,0.8831168831168831,0.8848484848484849
510,2.088567324479421,0.8583333333333333,0.876,0.8391304347826087,0.8656126482213439
511,2.0628158410390216,0.88125,0.908,0.8521739130434782,0.8884540117416829
512,2.0926526983579,0.8541666666666666,0.8554216867469879,0.8528138528138528,0.8588709677419355
513,2.083615946769714,0.8708333333333333,0.892,0.8478260869565217,0.8779527559055118
514,2.0777118762334186,0.875,0.8911290322580645,0.8577586206896551,0.8804780876494024
515,2.085414012273153,0.8645833333333334,0.8764940239043825,0.851528384279476,0.8712871287128713
516,2.1126832087834675,0.8479166666666667,0.848,0.8478260869565217,0.8531187122736419
517,2.066926928361257,0.8708333333333333,0.900398406374502,0.8384279475982532,0.8793774319066148
518,2.0718815366427106,0.86875,0.875,0.8620689655172413,0.8732394366197183
519,2.043024110794067,0.89375,0.92,0.8652173913043478,0.9001956947162426
520,2.045940999190013,0.8854166666666666,0.896,0.8739130434782608,0.8906560636182903
521,2.082314399878184,0.86875,0.8755020080321285,0.8614718614718615,0.87374749498998
522,2.1052080154418946,0.8645833333333334,0.872,0.8565217391304348,0.8702594810379242
523,2.0585551579793293,0.8854166666666666,0.892,0.8782608695652174,0.8902195608782435
524,2.0663310130437216,0.8958333333333334,0.8955823293172691,0.8961038961038961,0.8991935483870968
525,2.081146999200185,0.8729166666666667,0.8714859437751004,0.8744588744588745,0.8767676767676768
526,2.048299324512482,0.8895833333333333,0.9043824701195219,0.8733624454148472,0.8954635108481263
527,2.105288823445638,0.8458333333333333,0.864,0.8260869565217391,0.8537549407114624
528,2.0993043025334677,0.8583333333333333,0.8714859437751004,0.8441558441558441,0.8645418326693227
529,2.071496677398682,0.8791666666666667,0.8755020080321285,0.8831168831168831,0.8825910931174089
530,2.0673480232556662,0.8895833333333333,0.9116465863453815,0.8658008658008658,0.8954635108481263
531,2.103934919834137,0.8583333333333333,0.8634538152610441,0.8528138528138528,0.8634538152610441
532,2.082972776889801,0.8458333333333333,0.8629032258064516,0.8275862068965517,0.852589641434263
533,2.0921199599901836,0.8708333333333333,0.8755020080321285,0.8658008658008658,0.8755020080321285
534,2.0259185234705606,0.90625,0.927710843373494,0.8831168831168831,0.9112426035502958
535,2.100725018978119,0.8375,0.8433734939759037,0.8311688311688312,0.8433734939759037
536,2.0865702946980793,0.88125,0.8875502008032129,0.8744588744588745,0.8857715430861723
537,2.0776130318641663,0.8791666666666667,0.8911290322580645,0.8663793103448276,0.884
538,2.082963422934214,0.8666666666666667,0.8725099601593626,0.8602620087336245,0.8725099601593626
539,2.0825868884722394,0.86875,0.88,0.8565217391304348,0.8747514910536779
540,2.029926900068919,0.8875,0.900398406374502,0.8733624454148472,0.8932806324110671
541,2.077109956741333,0.8770833333333333,0.9032258064516129,0.8491379310344828,0.883629191321499
542,2.0752456903457643,0.8791666666666667,0.916,0.8391304347826087,0.8875968992248062
543,2.07731781800588,0.8791666666666667,0.856,0.9043478260869565,0.8806584362139918
544,2.0733194947242737,0.88125,0.8911290322580645,0.8706896551724138,0.8857715430861723
545,2.048326619466146,0.90625,0.9036144578313253,0.9090909090909091,0.9090909090909091
546,2.050076460838318,0.8875,0.8790322580645161,0.896551724137931,0.889795918367347
547,2.0804246346155804,0.8854166666666666,0.8870967741935484,0.8836206896551724,0.8888888888888888
548,2.078495522340139,0.8770833333333333,0.891566265060241,0.8614718614718615,0.882703777335984
549,2.079037352403005,0.88125,0.8725099601593626,0.8908296943231441,0.8848484848484849
550,2.043274788061778,0.8958333333333334,0.9196787148594378,0.8701298701298701,0.9015748031496063
551,2.085048460960388,0.8645833333333334,0.9,0.8260869565217391,0.8737864077669902
552,2.061877357959747,0.8645833333333334,0.888,0.8391304347826087,0.8722986247544204
553,2.0766907771428427,0.8708333333333333,0.8634538152610441,0.8787878787878788,0.8739837398373984
554,2.0726240197817485,0.8791666666666667,0.868,0.8913043478260869,0.8821138211382114
555,2.0740302284558614,0.89375,0.9196787148594378,0.8658008658008658,0.899803536345776
556,2.076019489765167,0.8708333333333333,0.8835341365461847,0.8571428571428571,0.8764940239043825
557,2.068042270342509,0.8916666666666667,0.9153225806451613,0.8663793103448276,0.8972332015810277
558,2.07834978501002,0.8854166666666666,0.9076305220883534,0.8614718614718615,0.8915187376725838
559,2.0648253361384072,0.8854166666666666,0.9076305220883534,0.8614718614718615,0.8915187376725838
560,2.0480519851048786,0.90625,0.896,0.9173913043478261,0.9087221095334685
561,2.0782084663709006,0.8645833333333334,0.888,0.8391304347826087,0.8722986247544204
562,2.087936158974965,0.88125,0.872,0.8913043478260869,0.8843813387423936
563,2.060731558005015,0.8958333333333334,0.9236947791164659,0.8658008658008658,0.9019607843137255
564,2.093163232008616,0.875,0.8755020080321285,0.8744588744588745,0.8790322580645161
565,2.050567110379537,0.8916666666666667,0.8870967741935484,0.896551724137931,0.8943089430894309
566,2.083951409657796,0.8833333333333333,0.892,0.8739130434782608,0.8884462151394422
567,2.0839526732762654,0.875,0.876,0.8739130434782608,0.8795180722891566
568,2.0755095640818277,0.8729166666666667,0.88,0.8652173913043478,0.8782435129740519
569,2.082651166121165,0.8708333333333333,0.8951612903225806,0.8448275862068966,0.8774703557312253
570,2.042338569959005,0.8958333333333334,0.904,0.8869565217391304,0.900398406374502
571,2.073663628101349,0.89375,0.896,0.8913043478260869,0.8977955911823647
572,2.0707394083340964,0.8708333333333333,0.864,0.8782608695652174,0.8744939271255061
573,2.073883338769277,0.8854166666666666,0.8995983935742972,0.8701298701298701,0.8906560636182903
574,2.0682931621869405,0.8729166666666667,0.8755020080321285,0.8701298701298701,0.8772635814889336
575,2.063664261500041,0.8854166666666666,0.8795180722891566,0.8917748917748918,0.8884381338742393
576,2.063595445950826,0.8770833333333333,0.8725099601593626,0.8820960698689956,0.8812877263581489
577,2.0794581294059755,0.86875,0.872,0.8652173913043478,0.87374749498998
578,2.0686052163441975,0.8625,0.875,0.8491379310344828,0.868
579,2.0423808097839355,0.89375,0.8804780876494024,0.9082969432314411,0.896551724137931
580,2.096004593372345,0.8520833333333333,0.864,0.8391304347826087,0.8588469184890656
581,2.072207820415497,0.8875,0.9156626506024096,0.8571428571428571,0.8941176470588236
582,2.0779528617858887,0.8895833333333333,0.9163346613545816,0.8602620087336245,0.8966861598440545
583,2.0478232701619468,0.8979166666666667,0.92,0.8739130434782608,0.9037328094302554
584,2.0707846999168398,0.8583333333333333,0.876,0.8391304347826087,0.8656126482213439
585,2.073054830233256,0.8854166666666666,0.904,0.8652173913043478,0.8915187376725838
586,2.0755718906720477,0.8770833333333333,0.900398406374502,0.851528384279476,0.8845401174168297
587,2.0589944044748942,0.88125,0.8714859437751004,0.8917748917748918,0.8839103869653768
588,2.0745364228884378,0.8729166666666667,0.8835341365461847,0.8614718614718615,0.8782435129740519
589,2.0444615801175434,0.8833333333333333,0.8955823293172691,0.8701298701298701,0.8884462151394422
590,2.0570975144704184,0.9104166666666667,0.928,0.8913043478260869,0.9151873767258383
591,2.051922869682312,0.8770833333333333,0.892,0.8608695652173913,0.8831683168316832
592,2.0882841904958087,0.8583333333333333,0.8634538152610441,0.8528138528138528,0.8634538152610441
593,2.088316571712494,0.8625,0.852,0.8739130434782608,0.8658536585365854
594,2.0464372913042705,0.875,0.8725099601593626,0.8777292576419214,0.8795180722891566
595,2.090866752465566,0.8645833333333334,0.86,0.8695652173913043,0.8686868686868687
596,2.024361753463745,0.89375,0.891566265060241,0.8961038961038961,0.896969696969697
597,2.0549418926239014,0.8916666666666667,0.9203187250996016,0.8602620087336245,0.8988326848249028
598,2.066723414262136,0.8854166666666666,0.892,0.8782608695652174,0.8902195608782435
599,2.0528894941012066,0.89375,0.892,0.8956521739130435,0.89738430583501
600,2.0616337060928345,0.8854166666666666,0.892,0.8782608695652174,0.8902195608782435
601,2.0406220316886903,0.9125,0.9236947791164659,0.9004329004329005,0.9163346613545816
602,2.0472355524698895,0.8979166666666667,0.888,0.908695652173913,0.9006085192697769
603,2.029620409011841,0.90625,0.9036144578313253,0.9090909090909091,0.9090909090909091
604,2.047174564997355,0.8979166666666667,0.9083665338645418,0.8864628820960698,0.902970297029703
605,2.0697383840878802,0.8729166666666667,0.8714859437751004,0.8744588744588745,0.8767676767676768
606,2.1022654016812643,0.8520833333333333,0.8514056224899599,0.8528138528138528,0.8565656565656565
607,2.0924180587132772,0.85,0.856,0.8434782608695652,0.856
608,2.0692145268122357,0.875,0.888,0.8608695652173913,0.8809523809523809
609,2.052469817797343,0.89375,0.888,0.9,0.896969696969697
610,2.0588430563608804,0.8875,0.872,0.9043478260869565,0.889795918367347
611,2.083004633585612,0.88125,0.8875502008032129,0.8744588744588745,0.8857715430861723
612,2.071027441819509,0.8708333333333333,0.884,0.8565217391304348,0.876984126984127
613,2.071443331241608,0.89375,0.9317269076305221,0.8528138528138528,0.9009708737864077
614,2.0490023096402488,0.9,0.896,0.9043478260869565,0.9032258064516129
615,2.0763047456741335,0.8645833333333334,0.8594377510040161,0.8701298701298701,0.8681541582150102
616,2.124469260374705,0.8479166666666667,0.8634538152610441,0.8311688311688312,0.8548707753479126
617,2.0587219913800556,0.8875,0.9036144578313253,0.8701298701298701,0.8928571428571429
618,2.0674865285555524,0.8958333333333334,0.9116465863453815,0.8787878787878788,0.9007936507936508
619,2.085671031475067,0.8833333333333333,0.888,0.8782608695652174,0.888
620,2.0738568902015686,0.8916666666666667,0.912,0.8695652173913043,0.8976377952755905
621,2.0450424869855244,0.89375,0.9076305220883534,0.8787878787878788,0.8986083499005965
622,2.069149907430013,0.8958333333333334,0.8911290322580645,0.9008620689655172,0.8983739837398373
623,2.0581918398539227,0.9,0.9,0.9,0.9036144578313253
624,2.0310026009877524,0.8958333333333334,0.9116465863453815,0.8787878787878788,0.9007936507936508
625,2.0332337856292724,0.9104166666666667,0.9116465863453815,0.9090909090909091,0.9134808853118712
626,2.1060322523117065,0.8583333333333333,0.884,0.8304347826086956,0.8666666666666667
627,2.088895936806997,0.875,0.876,0.8739130434782608,0.8795180722891566
628,2.0580008745193483,0.8916666666666667,0.9083665338645418,0.8733624454148472,0.8976377952755905
629,2.0516451398531594,0.9020833333333333,0.9076305220883534,0.8961038961038961,0.905811623246493
630,2.0533777475357056,0.8875,0.912,0.8608695652173913,0.8941176470588236
631,2.0538541316986083,0.8770833333333333,0.8790322580645161,0.875,0.8808080808080808
632,2.0524072885513305,0.8854166666666666,0.891566265060241,0.8787878787878788,0.8897795591182365
633,2.0585468888282774,0.90625,0.9076305220883534,0.9047619047619048,0.9094567404426559
634,2.0864947001139322,0.8708333333333333,0.8795180722891566,0.8614718614718615,0.876
635,2.0203389366467794,0.9145833333333333,0.936,0.8913043478260869,0.9194499017681729
636,2.1064217567443846,0.8708333333333333,0.8875502008032129,0.8528138528138528,0.876984126984127
637,2.056010850270589,0.8854166666666666,0.9076305220883534,0.8614718614718615,0.8915187376725838
638,2.04265566666921,0.89375,0.9274193548387096,0.8577586206896551,0.9001956947162426
639,2.0558647473653155,0.8833333333333333,0.916,0.8478260869565217,0.8910505836575876
640,2.0640092690785727,0.8854166666666666,0.891566265060241,0.8787878787878788,0.8897795591182365
641,2.0842578570048014,0.8729166666666667,0.8875502008032129,0.8571428571428571,0.878727634194831
642,2.0496267080307007,0.8895833333333333,0.8875502008032129,0.8917748917748918,0.8929292929292929
643,2.075548609097799,0.8729166666666667,0.892,0.8521739130434782,0.8796844181459567
644,2.0659570495287576,0.9041666666666667,0.92,0.8869565217391304,0.9090909090909091
645,2.0766380151112873,0.8854166666666666,0.9,0.8695652173913043,0.8910891089108911
646,2.0638713757197062,0.88125,0.891566265060241,0.8701298701298701,0.8862275449101796
647,2.049365556240082,0.8958333333333334,0.9,0.8913043478260869,0.9
648,2.079916477203369,0.8833333333333333,0.888,0.8782608695652174,0.888
649,2.1003658533096314,0.8541666666666666,0.875,0.8318965517241379,0.8611111111111112
650,2.0364757140477496,0.8916666666666667,0.9,0.8826086956521739,0.896414342629482
651,2.073523990313212,0.8875,0.8714859437751004,0.9047619047619048,0.889344262295082
652,2.0631168405214946,0.8770833333333333,0.8875502008032129,0.8658008658008658,0.8822355289421158
653,2.055766145388285,0.88125,0.9036144578313253,0.8571428571428571,0.8875739644970414
654,2.080992352962494,0.86875,0.8790322580645161,0.8577586206896551,0.87374749498998
655,2.0960347692171735,0.85,0.875,0.8232758620689655,0.857707509881423
656,2.02002516190211,0.90625,0.9116465863453815,0.9004329004329005,0.9098196392785571
657,2.0616126378377277,0.8729166666666667,0.892,0.8521739130434782,0.8796844181459567
658,2.059869146347046,0.8833333333333333,0.884,0.8826086956521739,0.8875502008032129
659,2.050637741883596,0.8895833333333333,0.8995983935742972,0.8787878787878788,0.8942115768463074
660,2.051649236679077,0.8854166666666666,0.8714859437751004,0.9004329004329005,0.8875255623721882
661,2.07230277856191,0.8604166666666667,0.86,0.8608695652173913,0.8651911468812877
662,2.073128660519918,0.8833333333333333,0.884,0.8826086956521739,0.8875502008032129
663,2.0374979774157205,0.9104166666666667,0.908,0.9130434782608695,0.9134808853118712
664,2.0340033372243247,0.9104166666666667,0.8995983935742972,0.922077922077922,0.9124236252545825
665,2.0794408480326334,0.8729166666666667,0.852,0.8956521739130435,0.8747433264887063
666,2.05577183564504,0.875,0.8875502008032129,0.8614718614718615,0.8804780876494024
667,2.04745135307312,0.8916666666666667,0.891566265060241,0.8917748917748918,0.8951612903225806
668,2.033068025112152,0.8833333333333333,0.896,0.8695652173913043,0.8888888888888888
669,2.0297994136810305,0.9041666666666667,0.9153225806451613,0.8922413793103449,0.908
670,2.066108798980713,0.8708333333333333,0.876,0.8652173913043478,0.876
671,2.0410155336062115,0.8875,0.884,0.8913043478260869,0.8911290322580645
672,2.0638514955838523,0.875,0.892,0.8565217391304348,0.8814229249011858
673,2.0830982089042664,0.8708333333333333,0.88,0.8608695652173913,0.8764940239043825
674,2.0810344656308493,0.8729166666666667,0.872,0.8739130434782608,0.8772635814889336
675,2.0123871246973675,0.9125,0.9156626506024096,0.9090909090909091,0.9156626506024096
676,2.0683473110198975,0.875,0.8995983935742972,0.8484848484848485,0.8818897637795275
677,2.0617411375045775,0.8895833333333333,0.9116465863453815,0.8658008658008658,0.8954635108481263
678,2.054034674167633,0.8770833333333333,0.884,0.8695652173913043,0.8822355289421158
679,2.010270595550537,0.90625,0.916,0.8956521739130435,0.9105367793240556
680,2.0472837885220847,0.8958333333333334,0.908,0.8826086956521739,0.9007936507936508
681,2.101229707400004,0.84375,0.8645418326693227,0.8209606986899564,0.8526522593320236
682,2.0766427755355834,0.8770833333333333,0.9,0.8521739130434782,0.8840864440078585
683,2.0599541823069254,0.8854166666666666,0.892,0.8782608695652174,0.8902195608782435
684,2.057404172420502,0.8916666666666667,0.888,0.8956521739130435,0.8951612903225806
685,2.0436691363652546,0.8916666666666667,0.9,0.8826086956521739,0.896414342629482
686,2.0206055760383608,0.9020833333333333,0.912,0.8913043478260869,0.9065606361829026
687,2.017165025075277,0.9145833333333333,0.9233870967741935,0.9051724137931034,0.9178356713426854
688,2.0473322947820027,0.8895833333333333,0.8955823293172691,0.8831168831168831,0.8937875751503006
689,2.0323461016019184,0.8875,0.9076305220883534,0.8658008658008658,0.8932806324110671
690,2.0413905580838523,0.8916666666666667,0.9153225806451613,0.8663793103448276,0.8972332015810277
691,2.0216776529947915,0.8979166666666667,0.9196787148594378,0.8744588744588745,0.903353057199211
692,2.0409806529680887,0.9041666666666667,0.896,0.9130434782608695,0.9068825910931174
693,2.0347442547480266,0.8895833333333333,0.8955823293172691,0.8831168831168831,0.8937875751503006
694,2.0366119503974915,0.89375,0.8870967741935484,0.9008620689655172,0.8961303462321792
695,2.055123456319173,0.8833333333333333,0.88,0.8869565217391304,0.8870967741935484
696,2.0751821915308635,0.8645833333333334,0.884,0.8434782608695652,0.8717948717948718
697,2.061892533302307,0.8833333333333333,0.892,0.8739130434782608,0.8884462151394422
698,2.0556137720743815,0.8770833333333333,0.884,0.8695652173913043,0.8822355289421158
699,2.039938501516978,0.90625,0.9076305220883534,0.9047619047619048,0.9094567404426559
700,2.065423520406087,0.8958333333333334,0.932,0.8565217391304348,0.9031007751937985
701,2.0290703694025676,0.9020833333333333,0.8995983935742972,0.9047619047619048,0.9050505050505051
702,2.0642560720443726,0.8854166666666666,0.8911290322580645,0.8793103448275862,0.8893360160965795
703,2.0490155180295306,0.8916666666666667,0.9,0.8826086956521739,0.896414342629482
704,2.0527759790420532,0.8875,0.8835341365461847,0.8917748917748918,0.8906882591093117
705,2.0649310827255247,0.8791666666666667,0.892,0.8652173913043478,0.8849206349206349
706,2.04940398534139,0.8833333333333333,0.896414342629482,0.868995633187773,0.8893280632411067
707,2.0358503222465516,0.9125,0.907258064516129,0.9181034482758621,0.9146341463414634
708,2.071623424688975,0.8833333333333333,0.912,0.8521739130434782,0.890625
709,2.054271964232127,0.8708333333333333,0.8875502008032129,0.8528138528138528,0.876984126984127
710,2.0242102265357973,0.9083333333333333,0.916,0.9,0.9123505976095617
711,2.069258213043213,0.875,0.8955823293172691,0.8528138528138528,0.8814229249011858
712,2.051237932840983,0.89375,0.8884462151394422,0.8995633187772926,0.89738430583501
713,2.023401618003845,0.8979166666666667,0.896,0.9,0.9014084507042254
714,2.051402751604716,0.8854166666666666,0.8844621513944223,0.8864628820960698,0.8897795591182365
715,2.0269765337308248,0.9041666666666667,0.9076305220883534,0.9004329004329005,0.9076305220883534
716,2.0106927514076234,0.91875,0.924,0.9130434782608695,0.9221556886227545
717,2.0270787318547567,0.8979166666666667,0.9116465863453815,0.8831168831168831,0.9025844930417495
718,2.0319945732752482,0.8979166666666667,0.9,0.8956521739130435,0.9018036072144289
719,2.034147322177887,0.8979166666666667,0.9,0.8956521739130435,0.9018036072144289
720,2.062371003627777,0.88125,0.9076305220883534,0.8528138528138528,0.888015717092338
721,2.0347484151522317,0.8875,0.9,0.8739130434782608,0.8928571428571429
722,2.035400168100993,0.89375,0.8951612903225806,0.8922413793103449,0.896969696969697
723,2.0356581608454385,0.89375,0.892,0.8956521739130435,0.89738430583501
724,2.0167065103848776,0.9125,0.932,0.8913043478260869,0.9173228346456693
725,2.0481812318166095,0.875,0.88,0.8695652173913043,0.88
726,2.0711034655570986,0.85625,0.8473895582329317,0.8658008658008658,0.8594704684317719
727,2.0465736389160156,0.8895833333333333,0.912,0.8652173913043478,0.8958742632612967
728,2.046397793292999,0.8958333333333334,0.9116465863453815,0.8787878787878788,0.9007936507936508
729,2.0186203281084696,0.9,0.916,0.8826086956521739,0.9051383399209486
730,2.080625315507253,0.88125,0.8955823293172691,0.8658008658008658,0.8866799204771372
731,2.0494415005048117,0.8708333333333333,0.86,0.8826086956521739,0.8739837398373984
732,2.0211236317952475,0.90625,0.9076305220883534,0.9047619047619048,0.9094567404426559
733,2.028983561197917,0.9,0.9076305220883534,0.8917748917748918,0.904
734,2.0189505100250242,0.9,0.9032258064516129,0.896551724137931,0.9032258064516129
735,2.0265642126401264,0.9083333333333333,0.9196787148594378,0.8961038961038961,0.9123505976095617
736,2.0098177512486775,0.9083333333333333,0.896,0.9217391304347826,0.9105691056910569
737,2.0513119737307233,0.8770833333333333,0.876,0.8782608695652174,0.8812877263581489
738,2.050095319747925,0.89375,0.892,0.8956521739130435,0.89738430583501
739,2.043595588207245,0.8875,0.907258064516129,0.8663793103448276,0.8928571428571429
740,2.0508574207623798,0.8875,0.876,0.9,0.8902439024390244
741,2.0224257508913674,0.9104166666666667,0.932,0.8869565217391304,0.9155206286836935
742,2.0299158453941346,0.9125,0.948,0.8739130434782608,0.9186046511627907
743,2.0531065583229067,0.8770833333333333,0.8955823293172691,0.8571428571428571,0.8831683168316832
744,1.994987956682841,0.9083333333333333,0.896,0.9217391304347826,0.9105691056910569
745,2.053611485163371,0.86875,0.8709677419354839,0.8663793103448276,0.8727272727272727
746,2.028457486629486,0.9041666666666667,0.9156626506024096,0.8917748917748918,0.9083665338645418
747,2.0074886401494343,0.9145833333333333,0.908,0.9217391304347826,0.9171717171717172
748,2.022926910718282,0.9104166666666667,0.912,0.908695652173913,0.9138276553106213
749,2.0199976682662966,0.9,0.9036144578313253,0.8961038961038961,0.9036144578313253
750,2.0297309199968976,0.9020833333333333,0.912,0.8913043478260869,0.9065606361829026
751,2.025186256567637,0.9104166666666667,0.9395161290322581,0.8793103448275862,0.9155206286836935
752,2.029520543416341,0.8958333333333334,0.9036144578313253,0.8874458874458875,0.9
753,2.044959282875061,0.8895833333333333,0.904,0.8739130434782608,0.8950495049504951
754,2.0350312193234763,0.9,0.912,0.8869565217391304,0.9047619047619048
755,2.0353216846783955,0.8979166666666667,0.912,0.8826086956521739,0.902970297029703
756,2.0802738149960835,0.8770833333333333,0.88,0.8739130434782608,0.8817635270541082
757,2.018452735741933,0.9104166666666667,0.928,0.8913043478260869,0.9151873767258383
758,2.0809155225753786,0.8729166666666667,0.904,0.8391304347826087,0.8810916179337231
759,2.0183783054351805,0.90625,0.891566265060241,0.922077922077922,0.9079754601226994
760,2.01498867670695,0.9041666666666667,0.9196787148594378,0.8874458874458875,0.9087301587301587
761,2.080296341578166,0.8645833333333334,0.8795180722891566,0.8484848484848485,0.8707753479125249
762,2.038733955224355,0.9041666666666667,0.9274193548387096,0.8793103448275862,0.9090909090909091
763,2.0609893600145974,0.8666666666666667,0.88,0.8521739130434782,0.873015873015873
764,2.0631556709607444,0.8708333333333333,0.907258064516129,0.8318965517241379,0.87890625
765,2.041393490632375,0.8854166666666666,0.9116465863453815,0.8571428571428571,0.8919449901768173
766,2.022878189881643,0.9125,0.9203187250996016,0.9039301310043668,0.9166666666666666
767,2.030529280503591,0.8916666666666667,0.896,0.8869565217391304,0.896
768,2.047368574142456,0.8895833333333333,0.8755020080321285,0.9047619047619048,0.8916155419222904
769,2.0046414693196613,0.91875,0.9397590361445783,0.8961038961038961,0.9230769230769231
770,2.0120619893074037,0.9,0.9357429718875502,0.8614718614718615,0.9066147859922179
771,2.0059688528378805,0.9104166666666667,0.927710843373494,0.8917748917748918,0.9148514851485149
772,1.9965043425559998,0.9208333333333333,0.936,0.9043478260869565,0.924901185770751
773,2.055568285783132,0.8770833333333333,0.8755020080321285,0.8787878787878788,0.8808080808080808
774,2.0079811334609987,0.9020833333333333,0.9116465863453815,0.8917748917748918,0.906187624750499
775,2.034178098042806,0.8875,0.9076305220883534,0.8658008658008658,0.8932806324110671
776,2.042058050632477,0.8916666666666667,0.9196787148594378,0.8614718614718615,0.8980392156862745
777,2.0320961713790893,0.9041666666666667,0.8995983935742972,0.9090909090909091,0.9068825910931174
778,2.0404699802398683,0.9020833333333333,0.916,0.8869565217391304,0.906930693069307
779,2.075732910633087,0.8729166666666667,0.868,0.8782608695652174,0.8767676767676768
780,2.0523693879445393,0.8770833333333333,0.884,0.8695652173913043,0.8822355289421158
781,2.0220089157422385,0.90625,0.916,0.8956521739130435,0.9105367793240556
782,2.020653227965037,0.9166666666666666,0.92,0.9130434782608695,0.92
783,2.0179726163546245,0.9,0.92,0.8782608695652174,0.905511811023622
784,2.023972431818644,0.9083333333333333,0.9236947791164659,0.8917748917748918,0.9126984126984127
785,2.063020133972168,0.86875,0.8844621513944223,0.851528384279476,0.8757396449704142
786,1.984711774190267,0.91875,0.936,0.9,0.9230769230769231
787,2.0322301983833313,0.9083333333333333,0.9317269076305221,0.8831168831168831,0.9133858267716536
788,2.047180449962616,0.8729166666666667,0.872,0.8739130434782608,0.8772635814889336
789,2.0099297006924948,0.9104166666666667,0.9203187250996016,0.8995633187772926,0.9148514851485149
790,2.0459966818491617,0.8895833333333333,0.8835341365461847,0.8961038961038961,0.8924949290060852
791,2.0272931655248008,0.8854166666666666,0.9156626506024096,0.8528138528138528,0.8923679060665362
792,2.0143479426701862,0.9041666666666667,0.9196787148594378,0.8874458874458875,0.9087301587301587
793,2.0354676683743795,0.8833333333333333,0.9036144578313253,0.8614718614718615,0.8893280632411067
794,2.0301674604415894,0.8854166666666666,0.896414342629482,0.8733624454148472,0.8910891089108911
795,2.0220126549402875,0.9125,0.944,0.8782608695652174,0.9182879377431906
796,2.0284218033154806,0.875,0.892,0.8565217391304348,0.8814229249011858
797,2.0375240802764893,0.875,0.8634538152610441,0.8874458874458875,0.8775510204081632
798,2.0429441849390666,0.8875,0.916,0.8565217391304348,0.89453125
799,2.0104878306388856,0.90625,0.9196787148594378,0.8917748917748918,0.9105367793240556
800,2.0121743003527324,0.9020833333333333,0.9116465863453815,0.8917748917748918,0.906187624750499
801,2.0177290439605713,0.90625,0.908,0.9043478260869565,0.9098196392785571
802,2.028299339612325,0.8875,0.8795180722891566,0.8961038961038961,0.8902439024390244
803,1.9917028705279032,0.9208333333333333,0.9236947791164659,0.9177489177489178,0.9236947791164659
804,2.0172518293062844,0.8916666666666667,0.896,0.8869565217391304,0.896
805,2.059870103995005,0.89375,0.892,0.8956521739130435,0.89738430583501
806,2.0603201190630593,0.8666666666666667,0.8991935483870968,0.8318965517241379,0.8745098039215686
807,2.0191855827967324,0.89375,0.8951612903225806,0.8922413793103449,0.896969696969697
808,1.9884753624598186,0.9125,0.916,0.908695652173913,0.916
809,2.030378798643748,0.9,0.8875502008032129,0.9134199134199135,0.9020408163265307
810,1.9796685695648193,0.9270833333333334,0.952,0.9,0.9315068493150684
811,2.026736573378245,0.8958333333333334,0.8955823293172691,0.8961038961038961,0.8991935483870968
812,1.9992393334706624,0.90625,0.9156626506024096,0.8961038961038961,0.9101796407185628
813,2.044094145298004,0.8875,0.892,0.8826086956521739,0.892
814,2.019874354203542,0.9020833333333333,0.9076305220883534,0.8961038961038961,0.905811623246493
815,2.031819804509481,0.8958333333333334,0.892,0.9,0.8991935483870968
816,2.0386512517929076,0.8875,0.900398406374502,0.8733624454148472,0.8932806324110671
817,2.0036704937616983,0.9041666666666667,0.9,0.908695652173913,0.907258064516129
818,2.0262492338816327,0.9041666666666667,0.916,0.8913043478260869,0.9087301587301587
819,2.045636252562205,0.8854166666666666,0.8995983935742972,0.8701298701298701,0.8906560636182903
820,2.063140412171682,0.8625,0.891566265060241,0.8311688311688312,0.8705882352941177
821,2.006430033842723,0.9083333333333333,0.928,0.8869565217391304,0.9133858267716536
822,2.0109223167101544,0.8979166666666667,0.9032258064516129,0.8922413793103449,0.9014084507042254
823,2.011662069956462,0.90625,0.908,0.9043478260869565,0.9098196392785571
824,2.014845558007558,0.9104166666666667,0.932,0.8869565217391304,0.9155206286836935
825,2.0270899097124735,0.9041666666666667,0.9036144578313253,0.9047619047619048,0.907258064516129
826,2.0425098101298014,0.8833333333333333,0.88,0.8869565217391304,0.8870967741935484
827,2.010547109444936,0.9083333333333333,0.9116465863453815,0.9047619047619048,0.9116465863453815
828,1.9974758704503377,0.9145833333333333,0.92,0.908695652173913,0.9181636726546906
829,2.0185473998387655,0.8979166666666667,0.892,0.9043478260869565,0.901010101010101
830,2.015650502840678,0.9020833333333333,0.9112903225806451,0.8922413793103449,0.905811623246493
831,2.009877610206604,0.9083333333333333,0.9116465863453815,0.9047619047619048,0.9116465863453815
832,2.028479329744975,0.90625,0.9043824701195219,0.9082969432314411,0.9098196392785571
833,2.0343966364860533,0.9083333333333333,0.9083665338645418,0.9082969432314411,0.912
834,2.0314784328142803,0.8854166666666666,0.9083665338645418,0.8602620087336245,0.8923679060665362
835,2.0241090416908265,0.89375,0.907258064516129,0.8793103448275862,0.8982035928143712
836,1.9996646960576376,0.90625,0.9196787148594378,0.8917748917748918,0.9105367793240556
837,2.0259374022483825,0.9104166666666667,0.916,0.9043478260869565,0.9141716566866267
838,2.0286296089490254,0.9,0.912,0.8869565217391304,0.9047619047619048
839,1.9939305981000264,0.91875,0.9236947791164659,0.9134199134199135,0.9218436873747495
840,2.001152487595876,0.8958333333333334,0.8844621513944223,0.9082969432314411,0.8987854251012146
841,1.9765755534172058,0.93125,0.9397590361445783,0.922077922077922,0.9341317365269461
842,1.9669700702031454,0.9375,0.932,0.9434782608695652,0.9395161290322581
843,2.0369355201721193,0.9020833333333333,0.9236947791164659,0.8787878787878788,0.9072978303747534
844,2.0216909646987915,0.8958333333333334,0.904,0.8869565217391304,0.900398406374502
845,2.01161413192749,0.9145833333333333,0.9153225806451613,0.9137931034482759,0.9171717171717172
846,2.0434872070948282,0.8791666666666667,0.8755020080321285,0.8831168831168831,0.8825910931174089
847,2.0426379283269247,0.8791666666666667,0.888,0.8695652173913043,0.8844621513944223
848,2.025599726041158,0.8916666666666667,0.9083665338645418,0.8733624454148472,0.8976377952755905
849,2.0210604389508564,0.8979166666666667,0.9076305220883534,0.8874458874458875,0.9021956087824351
850,2.0063774307568867,0.9041666666666667,0.927710843373494,0.8787878787878788,0.9094488188976378
851,2.024883735179901,0.8895833333333333,0.8995983935742972,0.8787878787878788,0.8942115768463074
852,1.9779075821240744,0.925,0.9362549800796812,0.9126637554585153,0.9288537549407114
853,2.0165669838587443,0.88125,0.8714859437751004,0.8917748917748918,0.8839103869653768
854,1.9991605122884115,0.9145833333333333,0.924,0.9043478260869565,0.9184890656063618
855,1.9955071806907654,0.9020833333333333,0.9317269076305221,0.8701298701298701,0.9080234833659491
856,2.0112297336260476,0.9041666666666667,0.9,0.908695652173913,0.907258064516129
857,2.030184471607208,0.9020833333333333,0.9317269076305221,0.8701298701298701,0.9080234833659491
858,2.037177244822184,0.9083333333333333,0.904,0.9130434782608695,0.9112903225806451
859,1.9963396906852722,0.9166666666666666,0.9196787148594378,0.9134199134199135,0.9196787148594378
860,2.027442475159963,0.8916666666666667,0.9112903225806451,0.8706896551724138,0.8968253968253969
861,2.029189177354177,0.9,0.912,0.8869565217391304,0.9047619047619048
862,2.0224528829256694,0.8875,0.9032258064516129,0.8706896551724138,0.8924302788844621
863,2.0111085851987203,0.9104166666666667,0.912,0.908695652173913,0.9138276553106213
864,2.018555144468943,0.9145833333333333,0.9236947791164659,0.9047619047619048,0.9181636726546906
865,1.9901421030362447,0.90625,0.8844621513944223,0.9301310043668122,0.9079754601226994
866,2.022098410129547,0.9,0.92,0.8782608695652174,0.905511811023622
867,2.0160866141319276,0.90625,0.904,0.908695652173913,0.9094567404426559
868,2.0370861689249673,0.8916666666666667,0.868,0.9173913043478261,0.8930041152263375
869,2.0169293761253355,0.8916666666666667,0.8951612903225806,0.8879310344827587,0.8951612903225806
870,2.0009589632352194,0.9041666666666667,0.912,0.8956521739130435,0.9083665338645418
871,2.075508197148641,0.8770833333333333,0.8764940239043825,0.8777292576419214,0.8817635270541082
872,2.0125234206517537,0.9020833333333333,0.9076305220883534,0.8961038961038961,0.905811623246493
873,2.008196743329366,0.9083333333333333,0.9196787148594378,0.8961038961038961,0.9123505976095617
874,2.013467248280843,0.9020833333333333,0.9076305220883534,0.8961038961038961,0.905811623246493
875,2.006175760428111,0.9145833333333333,0.9322709163346613,0.8951965065502183,0.9194499017681729
876,1.993771533171336,0.9208333333333333,0.904,0.9391304347826087,0.9224489795918367
877,2.001368161042531,0.925,0.928,0.9217391304347826,0.928
878,2.039642028013865,0.8833333333333333,0.872,0.8956521739130435,0.8861788617886179
879,1.9848876039187113,0.9166666666666666,0.9322709163346613,0.8995633187772926,0.9212598425196851
880,1.9819391171137493,0.9208333333333333,0.9317269076305221,0.9090909090909091,0.9243027888446215
881,2.0351619203885396,0.88125,0.896,0.8652173913043478,0.8871287128712871
882,1.9915892084439595,0.9229166666666667,0.9163346613545816,0.9301310043668122,0.9255533199195171
883,1.9858545939127603,0.9229166666666667,0.9196787148594378,0.9264069264069265,0.9252525252525252
884,2.0239831725756328,0.9125,0.9314516129032258,0.8922413793103449,0.9166666666666666
885,1.9862530827522278,0.91875,0.9317269076305221,0.9047619047619048,0.9224652087475149
886,2.0023924946784972,0.9083333333333333,0.924,0.8913043478260869,0.9130434782608695
887,2.0566569487253825,0.8625,0.8795180722891566,0.8441558441558441,0.8690476190476191
888,1.9892013629277547,0.9041666666666667,0.916,0.8913043478260869,0.9087301587301587
889,2.0216236392656963,0.8916666666666667,0.896,0.8869565217391304,0.896
890,2.017260483900706,0.8895833333333333,0.8835341365461847,0.8961038961038961,0.8924949290060852
891,1.992113745212555,0.9041666666666667,0.9196787148594378,0.8874458874458875,0.9087301587301587
892,2.003083797295888,0.9,0.896,0.9043478260869565,0.9032258064516129
893,2.021993319193522,0.90625,0.912,0.9,0.9101796407185628
894,2.0214431564013164,0.8895833333333333,0.8955823293172691,0.8831168831168831,0.8937875751503006
895,2.019831685225169,0.8958333333333334,0.9032258064516129,0.8879310344827587,0.8995983935742972
896,2.0053433696428935,0.8979166666666667,0.9036144578313253,0.8917748917748918,0.9018036072144289
897,1.9880197962125143,0.9125,0.904,0.9217391304347826,0.9149797570850202
898,2.0135666529337564,0.8958333333333334,0.8951612903225806,0.896551724137931,0.8987854251012146
899,1.9795953631401062,0.91875,0.9317269076305221,0.9047619047619048,0.9224652087475149
900,2.0194098591804504,0.8958333333333334,0.9076305220883534,0.8831168831168831,0.900398406374502
901,2.021033887068431,0.90625,0.892,0.9217391304347826,0.9083503054989817
902,1.9986659685770671,0.9041666666666667,0.928,0.8782608695652174,0.9098039215686274
903,2.0142847617467243,0.9041666666666667,0.916,0.8913043478260869,0.9087301587301587
904,1.9816336790720621,0.9020833333333333,0.9116465863453815,0.8917748917748918,0.906187624750499
905,2.037774693965912,0.8770833333333333,0.8911290322580645,0.8620689655172413,0.8822355289421158
906,2.014674599965413,0.8916666666666667,0.896,0.8869565217391304,0.896
907,2.025222667058309,0.8833333333333333,0.9076305220883534,0.8571428571428571,0.889763779527559
908,2.0064250071843466,0.9166666666666666,0.912,0.9217391304347826,0.9193548387096774
909,2.0298322280248007,0.8791666666666667,0.8795180722891566,0.8787878787878788,0.8830645161290323
910,2.002434078852336,0.8958333333333334,0.876,0.9173913043478261,0.8975409836065574
911,2.0288739363352457,0.8666666666666667,0.892,0.8391304347826087,0.8745098039215686
912,2.0305872321128846,0.8854166666666666,0.9043824701195219,0.8646288209606987,0.8919449901768173
913,1.994357967376709,0.9104166666666667,0.9196787148594378,0.9004329004329005,0.9141716566866267
914,1.976284925142924,0.9208333333333333,0.927710843373494,0.9134199134199135,0.924
915,2.0016986608505247,0.9041666666666667,0.9156626506024096,0.8917748917748918,0.9083665338645418
916,2.0423445026079814,0.8791666666666667,0.8835341365461847,0.8744588744588745,0.8835341365461847
917,1.9963879863421121,0.9145833333333333,0.9196787148594378,0.9090909090909091,0.9178356713426854
918,2.0043466726938886,0.9125,0.9203187250996016,0.9039301310043668,0.9166666666666666
919,2.018097980817159,0.8916666666666667,0.9156626506024096,0.8658008658008658,0.8976377952755905
920,2.029112493991852,0.89375,0.8955823293172691,0.8917748917748918,0.89738430583501
921,2.0320939779281617,0.8833333333333333,0.8804780876494024,0.8864628820960698,0.8875502008032129
922,1.9801626602808635,0.9229166666666667,0.924,0.9217391304347826,0.9258517034068137
923,1.979318388303121,0.9208333333333333,0.927710843373494,0.9134199134199135,0.924
924,2.0028711358706155,0.9020833333333333,0.9236947791164659,0.8787878787878788,0.9072978303747534
925,1.9948022723197938,0.9041666666666667,0.908,0.9,0.908
926,1.9947046001752218,0.9125,0.9236947791164659,0.9004329004329005,0.9163346613545816
927,1.9863629420598348,0.9125,0.9156626506024096,0.9090909090909091,0.9156626506024096
928,1.9830830256144205,0.9125,0.94,0.8826086956521739,0.91796875
929,2.031067184607188,0.8875,0.9076305220883534,0.8658008658008658,0.8932806324110671
930,1.9594547549883525,0.9375,0.9357429718875502,0.9393939393939394,0.9395161290322581
931,2.0251294056574505,0.89375,0.900398406374502,0.8864628820960698,0.8986083499005965
932,2.0136565367380777,0.9041666666666667,0.9196787148594378,0.8874458874458875,0.9087301587301587
933,1.9942509174346923,0.89375,0.892,0.8956521739130435,0.89738430583501
934,1.9910873134930929,0.9166666666666666,0.924,0.908695652173913,0.9203187250996016
935,1.9971968293190003,0.9145833333333333,0.9156626506024096,0.9134199134199135,0.9175050301810865
936,2.0184434056282043,0.9041666666666667,0.912,0.8956521739130435,0.9083665338645418
937,2.0066980202992757,0.9145833333333333,0.924,0.9043478260869565,0.9184890656063618
938,1.9868180751800537,0.925,0.94,0.908695652173913,0.9288537549407114
939,1.9942888140678405,0.90625,0.9116465863453815,0.9004329004329005,0.9098196392785571
940,2.0280609011650084,0.8770833333333333,0.876,0.8782608695652174,0.8812877263581489
941,2.0015284180641175,0.9145833333333333,0.92,0.908695652173913,0.9181636726546906
942,1.9702597816785177,0.91875,0.9282868525896414,0.9082969432314411,0.9227722772277228
943,1.9877908905347188,0.9166666666666666,0.944,0.8869565217391304,0.921875
944,2.012969434261322,0.89375,0.9123505976095617,0.8733624454148472,0.899803536345776
945,2.0359859307607016,0.8833333333333333,0.88,0.8869565217391304,0.8870967741935484
946,2.013337755203247,0.8833333333333333,0.892,0.8739130434782608,0.8884462151394422
947,1.9932728250821432,0.9083333333333333,0.8955823293172691,0.922077922077922,0.9102040816326531
948,1.9966699759165445,0.8958333333333334,0.9036144578313253,0.8874458874458875,0.9
949,1.9980915864308675,0.9145833333333333,0.9116465863453815,0.9177489177489178,0.9171717171717172
950,2.03456635872523,0.8854166666666666,0.8995983935742972,0.8701298701298701,0.8906560636182903
951,1.9651822527249654,0.9291666666666667,0.9317269076305221,0.9264069264069265,0.9317269076305221
952,1.9906653046607972,0.9083333333333333,0.9076305220883534,0.9090909090909091,0.9112903225806451
953,1.9877352317174275,0.9166666666666666,0.936,0.8956521739130435,0.9212598425196851
954,2.0163374582926434,0.8895833333333333,0.888,0.8913043478260869,0.8933601609657947
955,1.989195950826009,0.91875,0.9282868525896414,0.9082969432314411,0.9227722772277228
956,2.049520679314931,0.8708333333333333,0.875,0.8663793103448276,0.875
957,2.0217577179272967,0.8916666666666667,0.8991935483870968,0.8836206896551724,0.8955823293172691
958,2.027056328455607,0.8833333333333333,0.9083665338645418,0.8558951965065502,0.890625
959,1.9826083381970723,0.9166666666666666,0.9116465863453815,0.922077922077922,0.9190283400809717
960,1.9501288612683614,0.9208333333333333,0.912,0.9304347826086956,0.9230769230769231
961,2.0215293844540914,0.9020833333333333,0.904,0.9,0.905811623246493
962,2.0166515787442525,0.88125,0.904,0.8565217391304348,0.888015717092338
963,1.9949877699216207,0.9,0.892,0.908695652173913,0.902834008097166
964,2.024408706029256,0.8916666666666667,0.9116465863453815,0.8701298701298701,0.8972332015810277
965,1.9743430773417154,0.93125,0.9397590361445783,0.922077922077922,0.9341317365269461
966,2.005821863810221,0.9041666666666667,0.9196787148594378,0.8874458874458875,0.9087301587301587
967,1.9985917250315348,0.9020833333333333,0.896,0.908695652173913,0.9050505050505051
968,2.014316527048747,0.9125,0.9236947791164659,0.9004329004329005,0.9163346613545816
969,2.0322429458300273,0.8833333333333333,0.900398406374502,0.8646288209606987,0.889763779527559
970,2.015360152721405,0.8916666666666667,0.8911290322580645,0.8922413793103449,0.8947368421052632
971,2.000006930033366,0.9104166666666667,0.907258064516129,0.9137931034482759,0.9127789046653144
972,1.9889376799265543,0.9229166666666667,0.94,0.9043478260869565,0.9270216962524654
973,1.9956971486409505,0.9083333333333333,0.9196787148594378,0.8961038961038961,0.9123505976095617
974,2.0091201066970825,0.8979166666666667,0.8790322580645161,0.9181034482758621,0.8989690721649485
975,2.032846442858378,0.8729166666666667,0.8714859437751004,0.8744588744588745,0.8767676767676768
976,2.009256335099538,0.8958333333333334,0.904,0.8869565217391304,0.900398406374502
977,1.9720503449440003,0.9270833333333334,0.9357429718875502,0.9177489177489178,0.9301397205588823
978,1.9872156381607056,0.9166666666666666,0.944,0.8869565217391304,0.921875
979,2.014010222752889,0.8854166666666666,0.908,0.8608695652173913,0.8919449901768173
980,2.00464072227478,0.8979166666666667,0.9116465863453815,0.8831168831168831,0.9025844930417495
981,1.9956869920094809,0.9083333333333333,0.904,0.9130434782608695,0.9112903225806451
982,1.9837612549463908,0.9208333333333333,0.9236947791164659,0.9177489177489178,0.9236947791164659
983,2.0440165718396504,0.88125,0.888,0.8739130434782608,0.8862275449101796
984,1.9982966780662537,0.90625,0.92,0.8913043478260869,0.9108910891089109
985,1.983288566271464,0.9,0.8991935483870968,0.9008620689655172,0.902834008097166
986,2.0076627175013226,0.8979166666666667,0.912,0.8826086956521739,0.902970297029703
987,1.9774191816647848,0.9125,0.936,0.8869565217391304,0.9176470588235294
988,2.0341625610987344,0.89375,0.9116465863453815,0.8744588744588745,0.899009900990099
989,2.0097030838330587,0.9020833333333333,0.9156626506024096,0.8874458874458875,0.9065606361829026
990,1.993466862042745,0.9104166666666667,0.928,0.8913043478260869,0.9151873767258383
991,1.9833855470021566,0.9083333333333333,0.932,0.8826086956521739,0.9137254901960784
992,1.9671996235847473,0.9229166666666667,0.92,0.9260869565217391,0.9255533199195171
993,2.0118844429651896,0.9041666666666667,0.94,0.8652173913043478,0.9108527131782945
994,1.9807995160420735,0.91875,0.912,0.9260869565217391,0.9212121212121213
995,1.9896663546562194,0.89375,0.908,0.8782608695652174,0.899009900990099
996,1.995605480670929,0.9229166666666667,0.9153225806451613,0.9310344827586207,0.924643584521385
997,2.009468408425649,0.8875,0.9196787148594378,0.8528138528138528,0.89453125
998,2.0163083553314207,0.8958333333333334,0.92,0.8695652173913043,0.9019607843137255
999,1.9609685977300009,0.9270833333333334,0.948,0.9043478260869565,0.931237721021611
1000,1.976975433031718,0.9208333333333333,0.924,0.9173913043478261,0.924
